# Fix print output for fix def2
0 14.1132209354028 28.2264418708055 56.452883741611
250 14.1132209354028 28.2264418708055 56.4669969625464
500 14.1132209354028 28.2264418708055 56.4811101834818
750 14.1132209354028 28.2264418708055 56.4952234044172
1000 14.1132209354028 28.2264418708055 56.5093366253526
1250 14.1132209354028 28.2264418708055 56.523449846288
1500 14.1132209354028 28.2264418708055 56.5375630672234
1750 14.1132209354028 28.2264418708055 56.5516762881588
2000 14.1132209354028 28.2264418708055 56.5657895090942
2250 14.1132209354028 28.2264418708055 56.5799027300296
2500 14.1132209354028 28.2264418708055 56.594015950965
2750 14.1132209354028 28.2264418708055 56.6081291719004
3000 14.1132209354028 28.2264418708055 56.6222423928358
3250 14.1132209354028 28.2264418708055 56.6363556137712
3500 14.1132209354028 28.2264418708055 56.6504688347066
3750 14.1132209354028 28.2264418708055 56.6645820556421
4000 14.1132209354028 28.2264418708055 56.6786952765775
4250 14.1132209354028 28.2264418708055 56.6928084975129
4500 14.1132209354028 28.2264418708055 56.7069217184483
4750 14.1132209354028 28.2264418708055 56.7210349393837
5000 14.1132209354028 28.2264418708055 56.7351481603191
5250 14.1132209354028 28.2264418708055 56.7492613812545
5500 14.1132209354028 28.2264418708055 56.7633746021899
5750 14.1132209354028 28.2264418708055 56.7774878231253
6000 14.1132209354028 28.2264418708055 56.7916010440607
6250 14.1132209354028 28.2264418708055 56.8057142649961
6500 14.1132209354028 28.2264418708055 56.8198274859315
6750 14.1132209354028 28.2264418708055 56.8339407068669
7000 14.1132209354028 28.2264418708055 56.8480539278023
7250 14.1132209354028 28.2264418708055 56.8621671487377
7500 14.1132209354028 28.2264418708055 56.8762803696731
7750 14.1132209354028 28.2264418708055 56.8903935906085
8000 14.1132209354028 28.2264418708055 56.9045068115439
8250 14.1132209354028 28.2264418708055 56.9186200324793
8500 14.1132209354028 28.2264418708055 56.9327332534147
8750 14.1132209354028 28.2264418708055 56.9468464743501
9000 14.1132209354028 28.2264418708055 56.9609596952855
9250 14.1132209354028 28.2264418708055 56.9750729162209
9500 14.1132209354028 28.2264418708055 56.9891861371563
9750 14.1132209354028 28.2264418708055 57.0032993580917
10000 14.1132209354028 28.2264418708055 57.0174125790271
10250 14.1132209354028 28.2264418708055 57.0315257999625
10500 14.1132209354028 28.2264418708055 57.0456390208979
10750 14.1132209354028 28.2264418708055 57.0597522418333
11000 14.1132209354028 28.2264418708055 57.0738654627687
11250 14.1132209354028 28.2264418708055 57.0879786837041
11500 14.1132209354028 28.2264418708055 57.1020919046395
11750 14.1132209354028 28.2264418708055 57.1162051255749
12000 14.1132209354028 28.2264418708055 57.1303183465103
12250 14.1132209354028 28.2264418708055 57.1444315674457
12500 14.1132209354028 28.2264418708055 57.1585447883811
12750 14.1132209354028 28.2264418708055 57.1726580093165
13000 14.1132209354028 28.2264418708055 57.1867712302519
13250 14.1132209354028 28.2264418708055 57.2008844511874
13500 14.1132209354028 28.2264418708055 57.2149976721228
13750 14.1132209354028 28.2264418708055 57.2291108930582
14000 14.1132209354028 28.2264418708055 57.2432241139936
14250 14.1132209354028 28.2264418708055 57.257337334929
14500 14.1132209354028 28.2264418708055 57.2714505558644
14750 14.1132209354028 28.2264418708055 57.2855637767998
15000 14.1132209354028 28.2264418708055 57.2996769977352
15250 14.1132209354028 28.2264418708055 57.3137902186706
15500 14.1132209354028 28.2264418708055 57.327903439606
15750 14.1132209354028 28.2264418708055 57.3420166605414
16000 14.1132209354028 28.2264418708055 57.3561298814768
16250 14.1132209354028 28.2264418708055 57.3702431024122
16500 14.1132209354028 28.2264418708055 57.3843563233476
16750 14.1132209354028 28.2264418708055 57.398469544283
17000 14.1132209354028 28.2264418708055 57.4125827652184
17250 14.1132209354028 28.2264418708055 57.4266959861538
17500 14.1132209354028 28.2264418708055 57.4408092070892
17750 14.1132209354028 28.2264418708055 57.4549224280246
18000 14.1132209354028 28.2264418708055 57.46903564896
18250 14.1132209354028 28.2264418708055 57.4831488698954
18500 14.1132209354028 28.2264418708055 57.4972620908308
18750 14.1132209354028 28.2264418708055 57.5113753117662
19000 14.1132209354028 28.2264418708055 57.5254885327016
19250 14.1132209354028 28.2264418708055 57.539601753637
19500 14.1132209354028 28.2264418708055 57.5537149745724
19750 14.1132209354028 28.2264418708055 57.5678281955078
20000 14.1132209354028 28.2264418708055 57.5819414164432
20250 14.1132209354028 28.2264418708055 57.5960546373786
20500 14.1132209354028 28.2264418708055 57.610167858314
20750 14.1132209354028 28.2264418708055 57.6242810792494
21000 14.1132209354028 28.2264418708055 57.6383943001848
21250 14.1132209354028 28.2264418708055 57.6525075211202
21500 14.1132209354028 28.2264418708055 57.6666207420556
21750 14.1132209354028 28.2264418708055 57.680733962991
22000 14.1132209354028 28.2264418708055 57.6948471839264
22250 14.1132209354028 28.2264418708055 57.7089604048618
22500 14.1132209354028 28.2264418708055 57.7230736257973
22750 14.1132209354028 28.2264418708055 57.7371868467327
23000 14.1132209354028 28.2264418708055 57.7513000676681
23250 14.1132209354028 28.2264418708055 57.7654132886035
23500 14.1132209354028 28.2264418708055 57.7795265095389
23750 14.1132209354028 28.2264418708055 57.7936397304743
24000 14.1132209354028 28.2264418708055 57.8077529514097
24250 14.1132209354028 28.2264418708055 57.8218661723451
24500 14.1132209354028 28.2264418708055 57.8359793932805
24750 14.1132209354028 28.2264418708055 57.8500926142159
25000 14.1132209354028 28.2264418708055 57.8642058351513
25250 14.1132209354028 28.2264418708055 57.8783190560867
25500 14.1132209354028 28.2264418708055 57.8924322770221
25750 14.1132209354028 28.2264418708055 57.9065454979575
26000 14.1132209354028 28.2264418708055 57.9206587188929
26250 14.1132209354028 28.2264418708055 57.9347719398283
26500 14.1132209354028 28.2264418708055 57.9488851607637
26750 14.1132209354028 28.2264418708055 57.9629983816991
27000 14.1132209354028 28.2264418708055 57.9771116026345
27250 14.1132209354028 28.2264418708055 57.9912248235699
27500 14.1132209354028 28.2264418708055 58.0053380445053
27750 14.1132209354028 28.2264418708055 58.0194512654407
28000 14.1132209354028 28.2264418708055 58.0335644863761
28250 14.1132209354028 28.2264418708055 58.0476777073115
28500 14.1132209354028 28.2264418708055 58.0617909282469
28750 14.1132209354028 28.2264418708055 58.0759041491823
29000 14.1132209354028 28.2264418708055 58.0900173701177
29250 14.1132209354028 28.2264418708055 58.1041305910531
29500 14.1132209354028 28.2264418708055 58.1182438119885
29750 14.1132209354028 28.2264418708055 58.1323570329239
30000 14.1132209354028 28.2264418708055 58.1464702538593
30250 14.1132209354028 28.2264418708055 58.1605834747947
30500 14.1132209354028 28.2264418708055 58.1746966957301
30750 14.1132209354028 28.2264418708055 58.1888099166655
31000 14.1132209354028 28.2264418708055 58.2029231376009
31250 14.1132209354028 28.2264418708055 58.2170363585364
31500 14.1132209354028 28.2264418708055 58.2311495794718
31750 14.1132209354028 28.2264418708055 58.2452628004072
32000 14.1132209354028 28.2264418708055 58.2593760213426
32250 14.1132209354028 28.2264418708055 58.273489242278
32500 14.1132209354028 28.2264418708055 58.2876024632134
32750 14.1132209354028 28.2264418708055 58.3017156841488
33000 14.1132209354028 28.2264418708055 58.3158289050842
33250 14.1132209354028 28.2264418708055 58.3299421260196
33500 14.1132209354028 28.2264418708055 58.344055346955
33750 14.1132209354028 28.2264418708055 58.3581685678904
34000 14.1132209354028 28.2264418708055 58.3722817888258
34250 14.1132209354028 28.2264418708055 58.3863950097612
34500 14.1132209354028 28.2264418708055 58.4005082306966
34750 14.1132209354028 28.2264418708055 58.414621451632
35000 14.1132209354028 28.2264418708055 58.4287346725674
35250 14.1132209354028 28.2264418708055 58.4428478935028
35500 14.1132209354028 28.2264418708055 58.4569611144382
35750 14.1132209354028 28.2264418708055 58.4710743353736
36000 14.1132209354028 28.2264418708055 58.485187556309
36250 14.1132209354028 28.2264418708055 58.4993007772444
36500 14.1132209354028 28.2264418708055 58.5134139981798
36750 14.1132209354028 28.2264418708055 58.5275272191152
37000 14.1132209354028 28.2264418708055 58.5416404400506
37250 14.1132209354028 28.2264418708055 58.555753660986
37500 14.1132209354028 28.2264418708055 58.5698668819214
37750 14.1132209354028 28.2264418708055 58.5839801028568
38000 14.1132209354028 28.2264418708055 58.5980933237922
38250 14.1132209354028 28.2264418708055 58.6122065447276
38500 14.1132209354028 28.2264418708055 58.626319765663
38750 14.1132209354028 28.2264418708055 58.6404329865984
39000 14.1132209354028 28.2264418708055 58.6545462075338
39250 14.1132209354028 28.2264418708055 58.6686594284692
39500 14.1132209354028 28.2264418708055 58.6827726494046
39750 14.1132209354028 28.2264418708055 58.69688587034
40000 14.1132209354028 28.2264418708055 58.7109990912754
40250 14.1132209354028 28.2264418708055 58.7251123122108
40500 14.1132209354028 28.2264418708055 58.7392255331463
40750 14.1132209354028 28.2264418708055 58.7533387540817
41000 14.1132209354028 28.2264418708055 58.7674519750171
41250 14.1132209354028 28.2264418708055 58.7815651959525
41500 14.1132209354028 28.2264418708055 58.7956784168879
41750 14.1132209354028 28.2264418708055 58.8097916378233
42000 14.1132209354028 28.2264418708055 58.8239048587587
42250 14.1132209354028 28.2264418708055 58.8380180796941
42500 14.1132209354028 28.2264418708055 58.8521313006295
42750 14.1132209354028 28.2264418708055 58.8662445215649
43000 14.1132209354028 28.2264418708055 58.8803577425003
43250 14.1132209354028 28.2264418708055 58.8944709634357
43500 14.1132209354028 28.2264418708055 58.9085841843711
43750 14.1132209354028 28.2264418708055 58.9226974053065
44000 14.1132209354028 28.2264418708055 58.9368106262419
44250 14.1132209354028 28.2264418708055 58.9509238471773
44500 14.1132209354028 28.2264418708055 58.9650370681127
44750 14.1132209354028 28.2264418708055 58.9791502890481
45000 14.1132209354028 28.2264418708055 58.9932635099835
45250 14.1132209354028 28.2264418708055 59.0073767309189
45500 14.1132209354028 28.2264418708055 59.0214899518543
45750 14.1132209354028 28.2264418708055 59.0356031727897
46000 14.1132209354028 28.2264418708055 59.0497163937251
46250 14.1132209354028 28.2264418708055 59.0638296146605
46500 14.1132209354028 28.2264418708055 59.0779428355959
46750 14.1132209354028 28.2264418708055 59.0920560565313
47000 14.1132209354028 28.2264418708055 59.1061692774667
47250 14.1132209354028 28.2264418708055 59.1202824984021
47500 14.1132209354028 28.2264418708055 59.1343957193375
47750 14.1132209354028 28.2264418708055 59.1485089402729
48000 14.1132209354028 28.2264418708055 59.1626221612083
48250 14.1132209354028 28.2264418708055 59.1767353821437
48500 14.1132209354028 28.2264418708055 59.1908486030791
48750 14.1132209354028 28.2264418708055 59.2049618240145
49000 14.1132209354028 28.2264418708055 59.2190750449499
49250 14.1132209354028 28.2264418708055 59.2331882658853
49500 14.1132209354028 28.2264418708055 59.2473014868208
49750 14.1132209354028 28.2264418708055 59.2614147077562
50000 14.1132209354028 28.2264418708055 59.2755279286916
50250 14.1132209354028 28.2264418708055 59.289641149627
50500 14.1132209354028 28.2264418708055 59.3037543705624
50750 14.1132209354028 28.2264418708055 59.3178675914978
51000 14.1132209354028 28.2264418708055 59.3319808124332
51250 14.1132209354028 28.2264418708055 59.3460940333686
51500 14.1132209354028 28.2264418708055 59.360207254304
51750 14.1132209354028 28.2264418708055 59.3743204752394
52000 14.1132209354028 28.2264418708055 59.3884336961748
52250 14.1132209354028 28.2264418708055 59.4025469171102
52500 14.1132209354028 28.2264418708055 59.4166601380456
52750 14.1132209354028 28.2264418708055 59.430773358981
53000 14.1132209354028 28.2264418708055 59.4448865799164
53250 14.1132209354028 28.2264418708055 59.4589998008518
53500 14.1132209354028 28.2264418708055 59.4731130217872
53750 14.1132209354028 28.2264418708055 59.4872262427226
54000 14.1132209354028 28.2264418708055 59.501339463658
54250 14.1132209354028 28.2264418708055 59.5154526845934
54500 14.1132209354028 28.2264418708055 59.5295659055288
54750 14.1132209354028 28.2264418708055 59.5436791264642
55000 14.1132209354028 28.2264418708055 59.5577923473996
55250 14.1132209354028 28.2264418708055 59.571905568335
55500 14.1132209354028 28.2264418708055 59.5860187892704
55750 14.1132209354028 28.2264418708055 59.6001320102058
56000 14.1132209354028 28.2264418708055 59.6142452311412
56250 14.1132209354028 28.2264418708055 59.6283584520766
56500 14.1132209354028 28.2264418708055 59.642471673012
56750 14.1132209354028 28.2264418708055 59.6565848939474
57000 14.1132209354028 28.2264418708055 59.6706981148828
57250 14.1132209354028 28.2264418708055 59.6848113358182
57500 14.1132209354028 28.2264418708055 59.6989245567536
57750 14.1132209354028 28.2264418708055 59.713037777689
58000 14.1132209354028 28.2264418708055 59.7271509986244
58250 14.1132209354028 28.2264418708055 59.7412642195598
58500 14.1132209354028 28.2264418708055 59.7553774404953
58750 14.1132209354028 28.2264418708055 59.7694906614307
59000 14.1132209354028 28.2264418708055 59.7836038823661
59250 14.1132209354028 28.2264418708055 59.7977171033015
59500 14.1132209354028 28.2264418708055 59.8118303242369
59750 14.1132209354028 28.2264418708055 59.8259435451723
60000 14.1132209354028 28.2264418708055 59.8400567661077
60250 14.1132209354028 28.2264418708055 59.8541699870431
60500 14.1132209354028 28.2264418708055 59.8682832079785
60750 14.1132209354028 28.2264418708055 59.8823964289139
61000 14.1132209354028 28.2264418708055 59.8965096498493
61250 14.1132209354028 28.2264418708055 59.9106228707847
61500 14.1132209354028 28.2264418708055 59.9247360917201
61750 14.1132209354028 28.2264418708055 59.9388493126555
62000 14.1132209354028 28.2264418708055 59.9529625335909
62250 14.1132209354028 28.2264418708055 59.9670757545263
62500 14.1132209354028 28.2264418708055 59.9811889754617
62750 14.1132209354028 28.2264418708055 59.9953021963971
63000 14.1132209354028 28.2264418708055 60.0094154173325
63250 14.1132209354028 28.2264418708055 60.0235286382679
63500 14.1132209354028 28.2264418708055 60.0376418592033
63750 14.1132209354028 28.2264418708055 60.0517550801387
64000 14.1132209354028 28.2264418708055 60.0658683010741
64250 14.1132209354028 28.2264418708055 60.0799815220095
64500 14.1132209354028 28.2264418708055 60.0940947429449
64750 14.1132209354028 28.2264418708055 60.1082079638803
65000 14.1132209354028 28.2264418708055 60.1223211848157
65250 14.1132209354028 28.2264418708055 60.1364344057511
65500 14.1132209354028 28.2264418708055 60.1505476266865
65750 14.1132209354028 28.2264418708055 60.1646608476219
66000 14.1132209354028 28.2264418708055 60.1787740685573
66250 14.1132209354028 28.2264418708055 60.1928872894927
66500 14.1132209354028 28.2264418708055 60.2070005104281
66750 14.1132209354028 28.2264418708055 60.2211137313635
67000 14.1132209354028 28.2264418708055 60.2352269522989
67250 14.1132209354028 28.2264418708055 60.2493401732343
67500 14.1132209354028 28.2264418708055 60.2634533941698
67750 14.1132209354028 28.2264418708055 60.2775666151052
68000 14.1132209354028 28.2264418708055 60.2916798360406
68250 14.1132209354028 28.2264418708055 60.305793056976
68500 14.1132209354028 28.2264418708055 60.3199062779114
68750 14.1132209354028 28.2264418708055 60.3340194988468
69000 14.1132209354028 28.2264418708055 60.3481327197822
69250 14.1132209354028 28.2264418708055 60.3622459407176
69500 14.1132209354028 28.2264418708055 60.376359161653
69750 14.1132209354028 28.2264418708055 60.3904723825884
70000 14.1132209354028 28.2264418708055 60.4045856035238
70250 14.1132209354028 28.2264418708055 60.4186988244592
70500 14.1132209354028 28.2264418708055 60.4328120453946
70750 14.1132209354028 28.2264418708055 60.44692526633
71000 14.1132209354028 28.2264418708055 60.4610384872654
71250 14.1132209354028 28.2264418708055 60.4751517082008
71500 14.1132209354028 28.2264418708055 60.4892649291362
71750 14.1132209354028 28.2264418708055 60.5033781500716
72000 14.1132209354028 28.2264418708055 60.517491371007
72250 14.1132209354028 28.2264418708055 60.5316045919424
72500 14.1132209354028 28.2264418708055 60.5457178128778
72750 14.1132209354028 28.2264418708055 60.5598310338132
73000 14.1132209354028 28.2264418708055 60.5739442547486
73250 14.1132209354028 28.2264418708055 60.588057475684
73500 14.1132209354028 28.2264418708055 60.6021706966194
73750 14.1132209354028 28.2264418708055 60.6162839175548
74000 14.1132209354028 28.2264418708055 60.6303971384902
74250 14.1132209354028 28.2264418708055 60.6445103594256
74500 14.1132209354028 28.2264418708055 60.658623580361
74750 14.1132209354028 28.2264418708055 60.6727368012964
75000 14.1132209354028 28.2264418708055 60.6868500222318
75250 14.1132209354028 28.2264418708055 60.7009632431672
75500 14.1132209354028 28.2264418708055 60.7150764641026
75750 14.1132209354028 28.2264418708055 60.729189685038
76000 14.1132209354028 28.2264418708055 60.7433029059734
76250 14.1132209354028 28.2264418708055 60.7574161269088
76500 14.1132209354028 28.2264418708055 60.7715293478443
76750 14.1132209354028 28.2264418708055 60.7856425687797
77000 14.1132209354028 28.2264418708055 60.7997557897151
77250 14.1132209354028 28.2264418708055 60.8138690106505
77500 14.1132209354028 28.2264418708055 60.8279822315859
77750 14.1132209354028 28.2264418708055 60.8420954525213
78000 14.1132209354028 28.2264418708055 60.8562086734567
78250 14.1132209354028 28.2264418708055 60.8703218943921
78500 14.1132209354028 28.2264418708055 60.8844351153275
78750 14.1132209354028 28.2264418708055 60.8985483362629
79000 14.1132209354028 28.2264418708055 60.9126615571983
79250 14.1132209354028 28.2264418708055 60.9267747781337
79500 14.1132209354028 28.2264418708055 60.9408879990691
79750 14.1132209354028 28.2264418708055 60.9550012200045
80000 14.1132209354028 28.2264418708055 60.9691144409399
80250 14.1132209354028 28.2264418708055 60.9832276618753
80500 14.1132209354028 28.2264418708055 60.9973408828107
80750 14.1132209354028 28.2264418708055 61.0114541037461
81000 14.1132209354028 28.2264418708055 61.0255673246815
81250 14.1132209354028 28.2264418708055 61.0396805456169
81500 14.1132209354028 28.2264418708055 61.0537937665523
81750 14.1132209354028 28.2264418708055 61.0679069874877
82000 14.1132209354028 28.2264418708055 61.0820202084231
82250 14.1132209354028 28.2264418708055 61.0961334293585
82500 14.1132209354028 28.2264418708055 61.1102466502939
82750 14.1132209354028 28.2264418708055 61.1243598712293
83000 14.1132209354028 28.2264418708055 61.1384730921647
83250 14.1132209354028 28.2264418708055 61.1525863131001
83500 14.1132209354028 28.2264418708055 61.1666995340355
83750 14.1132209354028 28.2264418708055 61.1808127549709
84000 14.1132209354028 28.2264418708055 61.1949259759063
84250 14.1132209354028 28.2264418708055 61.2090391968417
84500 14.1132209354028 28.2264418708055 61.2231524177771
84750 14.1132209354028 28.2264418708055 61.2372656387125
85000 14.1132209354028 28.2264418708055 61.2513788596479
85250 14.1132209354028 28.2264418708055 61.2654920805833
85500 14.1132209354028 28.2264418708055 61.2796053015187
85750 14.1132209354028 28.2264418708055 61.2937185224541
86000 14.1132209354028 28.2264418708055 61.3078317433895
86250 14.1132209354028 28.2264418708055 61.321944964325
86500 14.1132209354028 28.2264418708055 61.3360581852604
86750 14.1132209354028 28.2264418708055 61.3501714061958
87000 14.1132209354028 28.2264418708055 61.3642846271312
87250 14.1132209354028 28.2264418708055 61.3783978480666
87500 14.1132209354028 28.2264418708055 61.392511069002
87750 14.1132209354028 28.2264418708055 61.4066242899374
88000 14.1132209354028 28.2264418708055 61.4207375108728
88250 14.1132209354028 28.2264418708055 61.4348507318082
88500 14.1132209354028 28.2264418708055 61.4489639527436
88750 14.1132209354028 28.2264418708055 61.463077173679
89000 14.1132209354028 28.2264418708055 61.4771903946144
89250 14.1132209354028 28.2264418708055 61.4913036155498
89500 14.1132209354028 28.2264418708055 61.5054168364852
89750 14.1132209354028 28.2264418708055 61.5195300574206
90000 14.1132209354028 28.2264418708055 61.533643278356
90250 14.1132209354028 28.2264418708055 61.5477564992914
90500 14.1132209354028 28.2264418708055 61.5618697202268
90750 14.1132209354028 28.2264418708055 61.5759829411622
91000 14.1132209354028 28.2264418708055 61.5900961620976
91250 14.1132209354028 28.2264418708055 61.604209383033
91500 14.1132209354028 28.2264418708055 61.6183226039684
91750 14.1132209354028 28.2264418708055 61.6324358249038
92000 14.1132209354028 28.2264418708055 61.6465490458392
92250 14.1132209354028 28.2264418708055 61.6606622667746
92500 14.1132209354028 28.2264418708055 61.67477548771
92750 14.1132209354028 28.2264418708055 61.6888887086454
93000 14.1132209354028 28.2264418708055 61.7030019295808
93250 14.1132209354028 28.2264418708055 61.7171151505162
93500 14.1132209354028 28.2264418708055 61.7312283714516
93750 14.1132209354028 28.2264418708055 61.745341592387
94000 14.1132209354028 28.2264418708055 61.7594548133224
94250 14.1132209354028 28.2264418708055 61.7735680342578
94500 14.1132209354028 28.2264418708055 61.7876812551932
94750 14.1132209354028 28.2264418708055 61.8017944761286
95000 14.1132209354028 28.2264418708055 61.8159076970641
95250 14.1132209354028 28.2264418708055 61.8300209179995
95500 14.1132209354028 28.2264418708055 61.8441341389349
95750 14.1132209354028 28.2264418708055 61.8582473598703
96000 14.1132209354028 28.2264418708055 61.8723605808057
96250 14.1132209354028 28.2264418708055 61.8864738017411
96500 14.1132209354028 28.2264418708055 61.9005870226765
96750 14.1132209354028 28.2264418708055 61.9147002436119
97000 14.1132209354028 28.2264418708055 61.9288134645473
97250 14.1132209354028 28.2264418708055 61.9429266854827
97500 14.1132209354028 28.2264418708055 61.9570399064181
97750 14.1132209354028 28.2264418708055 61.9711531273535
98000 14.1132209354028 28.2264418708055 61.9852663482889
98250 14.1132209354028 28.2264418708055 61.9993795692243
98500 14.1132209354028 28.2264418708055 62.0134927901597
98750 14.1132209354028 28.2264418708055 62.0276060110951
99000 14.1132209354028 28.2264418708055 62.0417192320305
99250 14.1132209354028 28.2264418708055 62.0558324529659
99500 14.1132209354028 28.2264418708055 62.0699456739013
99750 14.1132209354028 28.2264418708055 62.0840588948367
100000 14.1132209354028 28.2264418708055 62.0981721157721
100250 14.1132209354028 28.2264418708055 62.1122853367075
100500 14.1132209354028 28.2264418708055 62.1263985576429
100750 14.1132209354028 28.2264418708055 62.1405117785783
101000 14.1132209354028 28.2264418708055 62.1546249995137
101250 14.1132209354028 28.2264418708055 62.1687382204491
101500 14.1132209354028 28.2264418708055 62.1828514413845
101750 14.1132209354028 28.2264418708055 62.1969646623199
102000 14.1132209354028 28.2264418708055 62.2110778832553
102250 14.1132209354028 28.2264418708055 62.2251911041907
102500 14.1132209354028 28.2264418708055 62.2393043251261
102750 14.1132209354028 28.2264418708055 62.2534175460615
103000 14.1132209354028 28.2264418708055 62.2675307669969
103250 14.1132209354028 28.2264418708055 62.2816439879323
103500 14.1132209354028 28.2264418708055 62.2957572088677
103750 14.1132209354028 28.2264418708055 62.3098704298031
104000 14.1132209354028 28.2264418708055 62.3239836507385
104250 14.1132209354028 28.2264418708055 62.3380968716739
104500 14.1132209354028 28.2264418708055 62.3522100926094
104750 14.1132209354028 28.2264418708055 62.3663233135448
105000 14.1132209354028 28.2264418708055 62.3804365344802
105250 14.1132209354028 28.2264418708055 62.3945497554156
105500 14.1132209354028 28.2264418708055 62.408662976351
105750 14.1132209354028 28.2264418708055 62.4227761972864
106000 14.1132209354028 28.2264418708055 62.4368894182218
106250 14.1132209354028 28.2264418708055 62.4510026391572
106500 14.1132209354028 28.2264418708055 62.4651158600926
106750 14.1132209354028 28.2264418708055 62.479229081028
107000 14.1132209354028 28.2264418708055 62.4933423019634
107250 14.1132209354028 28.2264418708055 62.5074555228988
107500 14.1132209354028 28.2264418708055 62.5215687438342
107750 14.1132209354028 28.2264418708055 62.5356819647696
108000 14.1132209354028 28.2264418708055 62.549795185705
108250 14.1132209354028 28.2264418708055 62.5639084066404
108500 14.1132209354028 28.2264418708055 62.5780216275758
108750 14.1132209354028 28.2264418708055 62.5921348485112
109000 14.1132209354028 28.2264418708055 62.6062480694466
109250 14.1132209354028 28.2264418708055 62.620361290382
109500 14.1132209354028 28.2264418708055 62.6344745113174
109750 14.1132209354028 28.2264418708055 62.6485877322528
110000 14.1132209354028 28.2264418708055 62.6627009531882
110250 14.1132209354028 28.2264418708055 62.6768141741236
110500 14.1132209354028 28.2264418708055 62.690927395059
110750 14.1132209354028 28.2264418708055 62.7050406159944
111000 14.1132209354028 28.2264418708055 62.7191538369298
111250 14.1132209354028 28.2264418708055 62.7332670578652
111500 14.1132209354028 28.2264418708055 62.7473802788006
111750 14.1132209354028 28.2264418708055 62.761493499736
112000 14.1132209354028 28.2264418708055 62.7756067206714
112250 14.1132209354028 28.2264418708055 62.7897199416068
112500 14.1132209354028 28.2264418708055 62.8038331625422
112750 14.1132209354028 28.2264418708055 62.8179463834776
113000 14.1132209354028 28.2264418708055 62.832059604413
113250 14.1132209354028 28.2264418708055 62.8461728253485
113500 14.1132209354028 28.2264418708055 62.8602860462839
113750 14.1132209354028 28.2264418708055 62.8743992672193
114000 14.1132209354028 28.2264418708055 62.8885124881547
114250 14.1132209354028 28.2264418708055 62.9026257090901
114500 14.1132209354028 28.2264418708055 62.9167389300255
114750 14.1132209354028 28.2264418708055 62.9308521509609
115000 14.1132209354028 28.2264418708055 62.9449653718963
115250 14.1132209354028 28.2264418708055 62.9590785928317
115500 14.1132209354028 28.2264418708055 62.9731918137671
115750 14.1132209354028 28.2264418708055 62.9873050347025
116000 14.1132209354028 28.2264418708055 63.0014182556379
116250 14.1132209354028 28.2264418708055 63.0155314765733
116500 14.1132209354028 28.2264418708055 63.0296446975087
116750 14.1132209354028 28.2264418708055 63.0437579184441
117000 14.1132209354028 28.2264418708055 63.0578711393795
117250 14.1132209354028 28.2264418708055 63.0719843603149
117500 14.1132209354028 28.2264418708055 63.0860975812503
117750 14.1132209354028 28.2264418708055 63.1002108021857
118000 14.1132209354028 28.2264418708055 63.1143240231211
118250 14.1132209354028 28.2264418708055 63.1284372440565
118500 14.1132209354028 28.2264418708055 63.1425504649919
118750 14.1132209354028 28.2264418708055 63.1566636859273
119000 14.1132209354028 28.2264418708055 63.1707769068627
119250 14.1132209354028 28.2264418708055 63.1848901277981
119500 14.1132209354028 28.2264418708055 63.1990033487335
119750 14.1132209354028 28.2264418708055 63.2131165696689
120000 14.1132209354028 28.2264418708055 63.2272297906043
120250 14.1132209354028 28.2264418708055 63.2413430115397
120500 14.1132209354028 28.2264418708055 63.2554562324751
120750 14.1132209354028 28.2264418708055 63.2695694534105
121000 14.1132209354028 28.2264418708055 63.2836826743459
121250 14.1132209354028 28.2264418708055 63.2977958952813
121500 14.1132209354028 28.2264418708055 63.3119091162167
121750 14.1132209354028 28.2264418708055 63.3260223371521
122000 14.1132209354028 28.2264418708055 63.3401355580875
122250 14.1132209354028 28.2264418708055 63.3542487790229
122500 14.1132209354028 28.2264418708055 63.3683619999584
122750 14.1132209354028 28.2264418708055 63.3824752208938
123000 14.1132209354028 28.2264418708055 63.3965884418292
123250 14.1132209354028 28.2264418708055 63.4107016627646
123500 14.1132209354028 28.2264418708055 63.4248148837
123750 14.1132209354028 28.2264418708055 63.4389281046354
124000 14.1132209354028 28.2264418708055 63.4530413255708
124250 14.1132209354028 28.2264418708055 63.4671545465062
124500 14.1132209354028 28.2264418708055 63.4812677674416
124750 14.1132209354028 28.2264418708055 63.495380988377
125000 14.1132209354028 28.2264418708055 63.5094942093124
125250 14.1132209354028 28.2264418708055 63.5236074302478
125500 14.1132209354028 28.2264418708055 63.5377206511832
125750 14.1132209354028 28.2264418708055 63.5518338721186
126000 14.1132209354028 28.2264418708055 63.565947093054
126250 14.1132209354028 28.2264418708055 63.5800603139894
126500 14.1132209354028 28.2264418708055 63.5941735349248
126750 14.1132209354028 28.2264418708055 63.6082867558602
127000 14.1132209354028 28.2264418708055 63.6223999767956
127250 14.1132209354028 28.2264418708055 63.636513197731
127500 14.1132209354028 28.2264418708055 63.6506264186664
127750 14.1132209354028 28.2264418708055 63.6647396396018
128000 14.1132209354028 28.2264418708055 63.6788528605372
128250 14.1132209354028 28.2264418708055 63.6929660814726
128500 14.1132209354028 28.2264418708055 63.707079302408
128750 14.1132209354028 28.2264418708055 63.7211925233434
129000 14.1132209354028 28.2264418708055 63.7353057442788
129250 14.1132209354028 28.2264418708055 63.7494189652142
129500 14.1132209354028 28.2264418708055 63.7635321861496
129750 14.1132209354028 28.2264418708055 63.777645407085
130000 14.1132209354028 28.2264418708055 63.7917586280204
130250 14.1132209354028 28.2264418708055 63.8058718489558
130500 14.1132209354028 28.2264418708055 63.8199850698912
130750 14.1132209354028 28.2264418708055 63.8340982908266
131000 14.1132209354028 28.2264418708055 63.8482115117621
131250 14.1132209354028 28.2264418708055 63.8623247326975
131500 14.1132209354028 28.2264418708055 63.8764379536329
131750 14.1132209354028 28.2264418708055 63.8905511745683
132000 14.1132209354028 28.2264418708055 63.9046643955037
132250 14.1132209354028 28.2264418708055 63.9187776164391
132500 14.1132209354028 28.2264418708055 63.9328908373745
132750 14.1132209354028 28.2264418708055 63.9470040583099
133000 14.1132209354028 28.2264418708055 63.9611172792453
133250 14.1132209354028 28.2264418708055 63.9752305001807
133500 14.1132209354028 28.2264418708055 63.9893437211161
133750 14.1132209354028 28.2264418708055 64.0034569420515
134000 14.1132209354028 28.2264418708055 64.0175701629869
134250 14.1132209354028 28.2264418708055 64.0316833839223
134500 14.1132209354028 28.2264418708055 64.0457966048577
134750 14.1132209354028 28.2264418708055 64.0599098257931
135000 14.1132209354028 28.2264418708055 64.0740230467285
135250 14.1132209354028 28.2264418708055 64.0881362676639
135500 14.1132209354028 28.2264418708055 64.1022494885993
135750 14.1132209354028 28.2264418708055 64.1163627095347
136000 14.1132209354028 28.2264418708055 64.1304759304701
136250 14.1132209354028 28.2264418708055 64.1445891514055
136500 14.1132209354028 28.2264418708055 64.1587023723409
136750 14.1132209354028 28.2264418708055 64.1728155932763
137000 14.1132209354028 28.2264418708055 64.1869288142117
137250 14.1132209354028 28.2264418708055 64.2010420351471
137500 14.1132209354028 28.2264418708055 64.2151552560825
137750 14.1132209354028 28.2264418708055 64.2292684770179
138000 14.1132209354028 28.2264418708055 64.2433816979533
138250 14.1132209354028 28.2264418708055 64.2574949188887
138500 14.1132209354028 28.2264418708055 64.2716081398241
138750 14.1132209354028 28.2264418708055 64.2857213607595
139000 14.1132209354028 28.2264418708055 64.2998345816949
139250 14.1132209354028 28.2264418708055 64.3139478026303
139500 14.1132209354028 28.2264418708055 64.3280610235657
139750 14.1132209354028 28.2264418708055 64.3421742445011
140000 14.1132209354028 28.2264418708055 64.3562874654365
140250 14.1132209354028 28.2264418708055 64.370400686372
140500 14.1132209354028 28.2264418708055 64.3845139073074
140750 14.1132209354028 28.2264418708055 64.3986271282428
141000 14.1132209354028 28.2264418708055 64.4127403491782
141250 14.1132209354028 28.2264418708055 64.4268535701136
141500 14.1132209354028 28.2264418708055 64.440966791049
141750 14.1132209354028 28.2264418708055 64.4550800119844
142000 14.1132209354028 28.2264418708055 64.4691932329198
142250 14.1132209354028 28.2264418708055 64.4833064538552
142500 14.1132209354028 28.2264418708055 64.4974196747906
142750 14.1132209354028 28.2264418708055 64.511532895726
143000 14.1132209354028 28.2264418708055 64.5256461166614
143250 14.1132209354028 28.2264418708055 64.5397593375968
143500 14.1132209354028 28.2264418708055 64.5538725585322
143750 14.1132209354028 28.2264418708055 64.5679857794676
144000 14.1132209354028 28.2264418708055 64.582099000403
144250 14.1132209354028 28.2264418708055 64.5962122213384
144500 14.1132209354028 28.2264418708055 64.6103254422738
144750 14.1132209354028 28.2264418708055 64.6244386632092
145000 14.1132209354028 28.2264418708055 64.6385518841446
145250 14.1132209354028 28.2264418708055 64.65266510508
145500 14.1132209354028 28.2264418708055 64.6667783260154
145750 14.1132209354028 28.2264418708055 64.6808915469508
146000 14.1132209354028 28.2264418708055 64.6950047678862
146250 14.1132209354028 28.2264418708055 64.7091179888216
146500 14.1132209354028 28.2264418708055 64.723231209757
146750 14.1132209354028 28.2264418708055 64.7373444306924
147000 14.1132209354028 28.2264418708055 64.7514576516278
147250 14.1132209354028 28.2264418708055 64.7655708725632
147500 14.1132209354028 28.2264418708055 64.7796840934986
147750 14.1132209354028 28.2264418708055 64.793797314434
148000 14.1132209354028 28.2264418708055 64.8079105353694
148250 14.1132209354028 28.2264418708055 64.8220237563048
148500 14.1132209354028 28.2264418708055 64.8361369772402
148750 14.1132209354028 28.2264418708055 64.8502501981756
149000 14.1132209354028 28.2264418708055 64.864363419111
149250 14.1132209354028 28.2264418708055 64.8784766400464
149500 14.1132209354028 28.2264418708055 64.8925898609818
149750 14.1132209354028 28.2264418708055 64.9067030819173
150000 14.1132209354028 28.2264418708055 64.9208163028527
150250 14.1132209354028 28.2264418708055 64.9349295237881
150500 14.1132209354028 28.2264418708055 64.9490427447235
150750 14.1132209354028 28.2264418708055 64.9631559656589
151000 14.1132209354028 28.2264418708055 64.9772691865943
151250 14.1132209354028 28.2264418708055 64.9913824075297
151500 14.1132209354028 28.2264418708055 65.0054956284651
151750 14.1132209354028 28.2264418708055 65.0196088494005
152000 14.1132209354028 28.2264418708055 65.0337220703359
152250 14.1132209354028 28.2264418708055 65.0478352912713
152500 14.1132209354028 28.2264418708055 65.0619485122067
152750 14.1132209354028 28.2264418708055 65.0760617331421
153000 14.1132209354028 28.2264418708055 65.0901749540775
153250 14.1132209354028 28.2264418708055 65.1042881750129
153500 14.1132209354028 28.2264418708055 65.1184013959483
153750 14.1132209354028 28.2264418708055 65.1325146168837
154000 14.1132209354028 28.2264418708055 65.1466278378191
154250 14.1132209354028 28.2264418708055 65.1607410587545
154500 14.1132209354028 28.2264418708055 65.1748542796899
154750 14.1132209354028 28.2264418708055 65.1889675006253
155000 14.1132209354028 28.2264418708055 65.2030807215607
155250 14.1132209354028 28.2264418708055 65.2171939424961
155500 14.1132209354028 28.2264418708055 65.2313071634315
155750 14.1132209354028 28.2264418708055 65.2454203843669
156000 14.1132209354028 28.2264418708055 65.2595336053023
156250 14.1132209354028 28.2264418708055 65.2736468262377
156500 14.1132209354028 28.2264418708055 65.2877600471731
156750 14.1132209354028 28.2264418708055 65.3018732681085
157000 14.1132209354028 28.2264418708055 65.3159864890439
157250 14.1132209354028 28.2264418708055 65.3300997099793
157500 14.1132209354028 28.2264418708055 65.3442129309147
157750 14.1132209354028 28.2264418708055 65.3583261518501
158000 14.1132209354028 28.2264418708055 65.3724393727855
158250 14.1132209354028 28.2264418708055 65.3865525937209
158500 14.1132209354028 28.2264418708055 65.4006658146563
158750 14.1132209354028 28.2264418708055 65.4147790355917
159000 14.1132209354028 28.2264418708055 65.4288922565271
159250 14.1132209354028 28.2264418708055 65.4430054774626
159500 14.1132209354028 28.2264418708055 65.457118698398
159750 14.1132209354028 28.2264418708055 65.4712319193334
160000 14.1132209354028 28.2264418708055 65.4853451402688
160250 14.1132209354028 28.2264418708055 65.4994583612042
160500 14.1132209354028 28.2264418708055 65.5135715821396
160750 14.1132209354028 28.2264418708055 65.527684803075
161000 14.1132209354028 28.2264418708055 65.5417980240104
161250 14.1132209354028 28.2264418708055 65.5559112449458
161500 14.1132209354028 28.2264418708055 65.5700244658812
161750 14.1132209354028 28.2264418708055 65.5841376868166
162000 14.1132209354028 28.2264418708055 65.598250907752
162250 14.1132209354028 28.2264418708055 65.6123641286874
162500 14.1132209354028 28.2264418708055 65.6264773496228
162750 14.1132209354028 28.2264418708055 65.6405905705582
163000 14.1132209354028 28.2264418708055 65.6547037914936
163250 14.1132209354028 28.2264418708055 65.668817012429
163500 14.1132209354028 28.2264418708055 65.6829302333644
163750 14.1132209354028 28.2264418708055 65.6970434542998
164000 14.1132209354028 28.2264418708055 65.7111566752352
164250 14.1132209354028 28.2264418708055 65.7252698961706
164500 14.1132209354028 28.2264418708055 65.739383117106
164750 14.1132209354028 28.2264418708055 65.7534963380414
165000 14.1132209354028 28.2264418708055 65.7676095589768
165250 14.1132209354028 28.2264418708055 65.7817227799122
165500 14.1132209354028 28.2264418708055 65.7958360008476
165750 14.1132209354028 28.2264418708055 65.809949221783
166000 14.1132209354028 28.2264418708055 65.8240624427184
166250 14.1132209354028 28.2264418708055 65.8381756636538
166500 14.1132209354028 28.2264418708055 65.8522888845892
166750 14.1132209354028 28.2264418708055 65.8664021055246
167000 14.1132209354028 28.2264418708055 65.88051532646
167250 14.1132209354028 28.2264418708055 65.8946285473954
167500 14.1132209354028 28.2264418708055 65.9087417683309
167750 14.1132209354028 28.2264418708055 65.9228549892663
168000 14.1132209354028 28.2264418708055 65.9369682102017
168250 14.1132209354028 28.2264418708055 65.9510814311371
168500 14.1132209354028 28.2264418708055 65.9651946520725
168750 14.1132209354028 28.2264418708055 65.9793078730079
169000 14.1132209354028 28.2264418708055 65.9934210939433
169250 14.1132209354028 28.2264418708055 66.0075343148787
169500 14.1132209354028 28.2264418708055 66.0216475358141
169750 14.1132209354028 28.2264418708055 66.0357607567495
170000 14.1132209354028 28.2264418708055 66.0498739776849
170250 14.1132209354028 28.2264418708055 66.0639871986203
170500 14.1132209354028 28.2264418708055 66.0781004195557
170750 14.1132209354028 28.2264418708055 66.0922136404911
171000 14.1132209354028 28.2264418708055 66.1063268614265
171250 14.1132209354028 28.2264418708055 66.1204400823619
171500 14.1132209354028 28.2264418708055 66.1345533032973
171750 14.1132209354028 28.2264418708055 66.1486665242327
172000 14.1132209354028 28.2264418708055 66.1627797451681
172250 14.1132209354028 28.2264418708055 66.1768929661035
172500 14.1132209354028 28.2264418708055 66.1910061870389
172750 14.1132209354028 28.2264418708055 66.2051194079743
173000 14.1132209354028 28.2264418708055 66.2192326289097
173250 14.1132209354028 28.2264418708055 66.2333458498451
173500 14.1132209354028 28.2264418708055 66.2474590707805
173750 14.1132209354028 28.2264418708055 66.2615722917159
174000 14.1132209354028 28.2264418708055 66.2756855126513
174250 14.1132209354028 28.2264418708055 66.2897987335867
174500 14.1132209354028 28.2264418708055 66.3039119545221
174750 14.1132209354028 28.2264418708055 66.3180251754575
175000 14.1132209354028 28.2264418708055 66.3321383963929
175250 14.1132209354028 28.2264418708055 66.3462516173283
175500 14.1132209354028 28.2264418708055 66.3603648382637
175750 14.1132209354028 28.2264418708055 66.3744780591991
176000 14.1132209354028 28.2264418708055 66.3885912801345
176250 14.1132209354028 28.2264418708055 66.4027045010699
176500 14.1132209354028 28.2264418708055 66.4168177220053
176750 14.1132209354028 28.2264418708055 66.4309309429407
177000 14.1132209354028 28.2264418708055 66.4450441638761
177250 14.1132209354028 28.2264418708055 66.4591573848116
177500 14.1132209354028 28.2264418708055 66.473270605747
177750 14.1132209354028 28.2264418708055 66.4873838266824
178000 14.1132209354028 28.2264418708055 66.5014970476178
178250 14.1132209354028 28.2264418708055 66.5156102685532
178500 14.1132209354028 28.2264418708055 66.5297234894886
178750 14.1132209354028 28.2264418708055 66.543836710424
179000 14.1132209354028 28.2264418708055 66.5579499313594
179250 14.1132209354028 28.2264418708055 66.5720631522948
179500 14.1132209354028 28.2264418708055 66.5861763732302
179750 14.1132209354028 28.2264418708055 66.6002895941656
180000 14.1132209354028 28.2264418708055 66.614402815101
180250 14.1132209354028 28.2264418708055 66.6285160360364
180500 14.1132209354028 28.2264418708055 66.6426292569718
180750 14.1132209354028 28.2264418708055 66.6567424779072
181000 14.1132209354028 28.2264418708055 66.6708556988426
181250 14.1132209354028 28.2264418708055 66.684968919778
181500 14.1132209354028 28.2264418708055 66.6990821407134
181750 14.1132209354028 28.2264418708055 66.7131953616488
182000 14.1132209354028 28.2264418708055 66.7273085825842
182250 14.1132209354028 28.2264418708055 66.7414218035196
182500 14.1132209354028 28.2264418708055 66.755535024455
182750 14.1132209354028 28.2264418708055 66.7696482453904
183000 14.1132209354028 28.2264418708055 66.7837614663258
183250 14.1132209354028 28.2264418708055 66.7978746872612
183500 14.1132209354028 28.2264418708055 66.8119879081966
183750 14.1132209354028 28.2264418708055 66.826101129132
184000 14.1132209354028 28.2264418708055 66.8402143500674
184250 14.1132209354028 28.2264418708055 66.8543275710028
184500 14.1132209354028 28.2264418708055 66.8684407919382
184750 14.1132209354028 28.2264418708055 66.8825540128736
185000 14.1132209354028 28.2264418708055 66.896667233809
185250 14.1132209354028 28.2264418708055 66.9107804547444
185500 14.1132209354028 28.2264418708055 66.9248936756798
185750 14.1132209354028 28.2264418708055 66.9390068966153
186000 14.1132209354028 28.2264418708055 66.9531201175507
186250 14.1132209354028 28.2264418708055 66.9672333384861
186500 14.1132209354028 28.2264418708055 66.9813465594215
186750 14.1132209354028 28.2264418708055 66.9954597803569
187000 14.1132209354028 28.2264418708055 67.0095730012923
187250 14.1132209354028 28.2264418708055 67.0236862222277
187500 14.1132209354028 28.2264418708055 67.0377994431631
187750 14.1132209354028 28.2264418708055 67.0519126640985
188000 14.1132209354028 28.2264418708055 67.0660258850339
188250 14.1132209354028 28.2264418708055 67.0801391059693
188500 14.1132209354028 28.2264418708055 67.0942523269047
188750 14.1132209354028 28.2264418708055 67.1083655478401
189000 14.1132209354028 28.2264418708055 67.1224787687755
189250 14.1132209354028 28.2264418708055 67.1365919897109
189500 14.1132209354028 28.2264418708055 67.1507052106463
189750 14.1132209354028 28.2264418708055 67.1648184315817
190000 14.1132209354028 28.2264418708055 67.1789316525171
190250 14.1132209354028 28.2264418708055 67.1930448734525
190500 14.1132209354028 28.2264418708055 67.2071580943879
190750 14.1132209354028 28.2264418708055 67.2212713153233
191000 14.1132209354028 28.2264418708055 67.2353845362587
191250 14.1132209354028 28.2264418708055 67.2494977571941
191500 14.1132209354028 28.2264418708055 67.2636109781295
191750 14.1132209354028 28.2264418708055 67.2777241990649
192000 14.1132209354028 28.2264418708055 67.2918374200003
192250 14.1132209354028 28.2264418708055 67.3059506409357
192500 14.1132209354028 28.2264418708055 67.3200638618711
192750 14.1132209354028 28.2264418708055 67.3341770828065
193000 14.1132209354028 28.2264418708055 67.3482903037419
193250 14.1132209354028 28.2264418708055 67.3624035246773
193500 14.1132209354028 28.2264418708055 67.3765167456127
193750 14.1132209354028 28.2264418708055 67.3906299665481
194000 14.1132209354028 28.2264418708055 67.4047431874835
194250 14.1132209354028 28.2264418708055 67.4188564084189
194500 14.1132209354028 28.2264418708055 67.4329696293543
194750 14.1132209354028 28.2264418708055 67.4470828502897
195000 14.1132209354028 28.2264418708055 67.4611960712251
195250 14.1132209354028 28.2264418708055 67.4753092921605
195500 14.1132209354028 28.2264418708055 67.489422513096
195750 14.1132209354028 28.2264418708055 67.5035357340314
196000 14.1132209354028 28.2264418708055 67.5176489549668
196250 14.1132209354028 28.2264418708055 67.5317621759022
196500 14.1132209354028 28.2264418708055 67.5458753968376
196750 14.1132209354028 28.2264418708055 67.559988617773
197000 14.1132209354028 28.2264418708055 67.5741018387084
197250 14.1132209354028 28.2264418708055 67.5882150596438
197500 14.1132209354028 28.2264418708055 67.6023282805792
197750 14.1132209354028 28.2264418708055 67.6164415015146
198000 14.1132209354028 28.2264418708055 67.63055472245
198250 14.1132209354028 28.2264418708055 67.6446679433854
198500 14.1132209354028 28.2264418708055 67.6587811643208
198750 14.1132209354028 28.2264418708055 67.6728943852562
199000 14.1132209354028 28.2264418708055 67.6870076061916
199250 14.1132209354028 28.2264418708055 67.701120827127
199500 14.1132209354028 28.2264418708055 67.7152340480624
199750 14.1132209354028 28.2264418708055 67.7293472689978
200000 14.1132209354028 28.2264418708055 67.7434604899332
