# Fix print output for fix def1
2.67270281288207e-15 0.567051255505055 0.654868295118589 0.631413163862098
1.00000260546889e-09 -0.0886404038420981 -0.119704562966468 0.0998712707522974
2.00000253823497e-09 -0.11307386842225 -0.0671715467494774 0.041956670151005
3.00000278543667e-09 -0.175113961174433 0.182453712570437 0.310711242250311
4.00000271820275e-09 0.688083689744229 0.501921376988075 0.646294627725283
5.00000265096883e-09 -0.578550239132593 -0.587234504761859 -0.405105534297828
6.00000258373491e-09 0.315983830151428 0.255823921393311 0.377113306465791
7.00000283093661e-09 -0.249146320515534 -0.0490959088746987 0.315905267982866
8.00000276370269e-09 0.166008058858158 -0.233853449916029 0.193925665617269
9.00000269646877e-09 -0.344827290005682 0.000294472657771217 0.0186736400399976
1.00000026292348e-08 -0.150860698974546 -0.18388354738444 -0.135286133091568
1.10000025620009e-08 -0.0510739371345264 -0.0999067040555193 0.0115175881281098
1.20000028092026e-08 -0.168873095246246 -0.256598780497063 0.260229221568206
1.30000027419687e-08 0.455138966112174 0.569561560444715 0.574099588194768
1.40000026747348e-08 -0.954683326495723 -0.750815787965612 -0.576299625282787
1.50000026075009e-08 1.05659242438263 0.851997483324368 0.870335831125853
1.60000025402669e-08 -0.294261537512592 -0.107463787245936 0.154344238980842
1.70000027874686e-08 0.0686790560331224 0.102376862543883 0.114237907330023
1.80000027202347e-08 -0.143948538459275 -0.194172311052603 0.0144029596647513
1.90000026530008e-08 0.222257520268451 0.0520667898396351 0.259315433914726
2.00000025857669e-08 0.272973279148662 0.45818312210884 0.297878881391048
2.10000026757508e-08 -0.894129917543125 -0.755251179354359 -0.427705050265377
2.20000027657347e-08 0.445325493539288 0.318810375335332 0.460360762764359
2.30000026985007e-08 -0.263360861613127 -0.334956798639415 0.0547619540214237
2.40000026312668e-08 0.70626245375382 0.712068782931111 0.791391578931568
2.50000025640329e-08 -0.520726323613661 -0.541290318034254 0.105247385850251
2.60000028112346e-08 -0.0372565779762633 0.124154657028131 0.20527479573662
2.70000027440007e-08 0.317638173335451 0.350969272067194 0.534926273983524
2.80000026767667e-08 -0.474297810781218 -0.610669937768703 -0.384787461978738
2.90000026095328e-08 -0.10464412384046 0.08438204692834 0.18095310912706
3.00000025422989e-08 -0.27134167056984 -0.192442208338469 -0.0820039653532757
3.10000027895006e-08 0.538118516273357 0.563592927541649 0.644850985209783
3.20000027222667e-08 0.271760851119152 0.121096322508521 0.0529001197920181
3.30000026550328e-08 -0.685255977147757 -0.582985414665747 -0.291656850650933
3.40000025877988e-08 0.514574553443539 0.536707983159542 0.409042455009472
3.50000026777827e-08 -0.438144716578176 -0.633835948984702 -0.286730054865132
3.60000027677666e-08 0.952905771996058 0.890685360978242 0.785772796164614
3.70000027005327e-08 -1.02352836030749 -0.90603278229405 -0.488161641306992
3.80000026332988e-08 0.808160875154686 0.716296827305525 0.643633953197843
3.90000025660649e-08 -0.387401651650124 -0.6052554857138 -0.101138545460887
4.00000028132666e-08 0.456522796009201 0.851886617370544 0.82027722510529
4.10000027460326e-08 -0.361122738231347 -0.242854417830827 -0.105762744802353
4.20000026787987e-08 -0.524454455892026 -0.717219972011371 -0.269564782624048
4.30000026115648e-08 0.218115223639707 0.360702805250019 0.467077295937363
4.40000025443309e-08 0.124017891379022 0.285918963139672 0.346792481393442
4.50000027915326e-08 0.101804113408206 -0.168608274969579 0.230143227842737
4.60000027242987e-08 -0.456271963878943 -0.455699567622028 -0.35222057210697
4.70000026570647e-08 0.928545416869792 1.09502096033523 0.96640196856224
4.80000025898308e-08 0.0249469389044627 -0.145590208054461 0.22568880057146
4.90000026798147e-08 -0.666882246992124 -0.935411426619566 -0.434742644274595
5.00000027697986e-08 0.0862503577251018 0.345769375105113 0.360181817429196
5.10000027025647e-08 -0.0122166816296191 0.0796922813383682 0.128939407676696
5.20000026353308e-08 -0.0390303756525367 -0.493822876590041 -0.104806201803677
5.30000025680968e-08 -0.218230147442718 0.0854591129777642 0.189599828901563
5.40000028152985e-08 -0.209079407058089 -0.113952355268933 0.102347192798239
5.50000027480646e-08 0.429425638667052 0.317298199484507 0.608174351329975
5.60000026808307e-08 -0.0218565658737096 0.00574315566464622 0.0686996540315207
5.70000026135968e-08 -0.45312462394487 -0.214658450186536 0.0118237154423592
5.80000025463628e-08 0.545330866493637 0.509644406236628 0.602177571006754
5.90000027935645e-08 -0.231999657275934 -0.39226519980477 -0.137151139096391
6.00000027263306e-08 0.364518407466996 0.185355113826356 0.46244938088183
6.10000026590967e-08 -0.69942041583116 -0.391521037624696 -0.247159239768754
6.20000025918628e-08 0.519751394384592 0.403493676762109 0.512425134566833
6.30000026818467e-08 0.193349148732088 -0.256271359947548 -0.0111159020276814
6.40000027718306e-08 -0.692435785111406 -0.671364651722082 -0.526344963347436
6.50000027045966e-08 0.171346587857948 0.432964043012019 0.285448429819173
6.60000026373627e-08 0.169576280362162 -0.124582580123824 0.203707613708187
6.70000025701288e-08 0.0403983599071902 0.00207512192039856 0.202871110262305
6.80000028173305e-08 -0.515394154276023 -0.102430250881313 -0.0633493941521776
6.90000027500966e-08 0.250556295585847 0.144815555434804 0.274074405424675
7.00000026828626e-08 0.0187509600390484 -0.132438539615687 0.0464316042664228
7.10000026156287e-08 0.29799463436132 0.450403025738958 0.553161566713065
7.20000025483948e-08 -0.12031578102906 0.132893370382683 0.311300944484993
7.30000027955965e-08 0.0352537018130297 -0.128534904607241 0.177739920720218
7.40000027283626e-08 -0.457049286148363 -0.678828987917669 -0.327753854130434
7.50000026611287e-08 0.441988464581664 0.659797922938387 0.499908874625439
7.60000025938947e-08 0.313735813991807 0.34471586300595 0.441679438058691
7.70000026838786e-08 0.00394522432388483 -0.445151022338712 0.00738590367578947
7.80000027738625e-08 -0.121568974032616 0.0755295439461309 0.144827321690363
7.90000027066286e-08 0.00210827066611771 0.182355004660716 0.380867942210411
8.00000026393947e-08 0.158685922246602 0.132696227968858 0.399341979374349
8.10000025721608e-08 0.22370641537266 -0.116547236241191 0.219131297168408
8.20000028193625e-08 -0.263290861367605 0.0726177146219474 0.123687286504118
8.30000027521285e-08 0.100941856244889 0.105170397504407 0.438892107517749
8.40000026848946e-08 0.0463201184607221 -0.0163072492515725 0.231806495582026
8.50000026176607e-08 0.102421175720005 -0.046675286813309 0.145030278868129
8.60000025504268e-08 -0.171419123587497 0.00855661537723595 -0.1054302271319
8.70000027976285e-08 0.148118983387363 -0.0716679200680728 0.480183881723072
8.80000027303946e-08 0.589588518407203 0.373176108920432 0.452507244156296
8.90000026631606e-08 -0.585300543995548 -0.373373220794451 -0.0277670488693455
9.00000025959267e-08 0.291474883163268 0.491724875973277 0.542799475208089
9.10000026859106e-08 0.245539690343959 -0.0849878362721309 0.310605556423684
9.20000027758945e-08 0.456829742349407 0.458598287007729 0.477440318651853
9.30000027086606e-08 -0.277295412999475 -0.0568004300530637 -0.0197829787539138
9.40000026414266e-08 0.290268532956938 0.25916019485913 0.428413259106846
9.50000025741927e-08 0.497081804429312 0.0365391785621242 0.375055655648594
9.60000028213944e-08 -0.246337659988567 -0.205756803183902 -0.0098351599524092
9.70000027541605e-08 -0.187418503800392 0.0410209530841332 0.131520325351062
9.80000026869266e-08 0.150502785216853 -0.0515376147788217 0.476224564499242
9.90000026196927e-08 0.681148658731282 0.550316185114085 0.711468980701227
1.00000002552459e-07 -0.644288169059098 -0.131881919139407 -0.210102730360375
1.0100000279966e-07 -0.0287153382627244 0.147307812695445 0.289607617904523
1.02000002732427e-07 0.287956253432908 -0.113740924629406 0.360428756512326
1.03000002665193e-07 -0.128668830691963 0.11902672257581 -0.00567552699942468
1.04000002597959e-07 -0.0582457327978201 -0.0955007577992807 0.150541412014777
1.05000002687943e-07 0.264547473181446 0.133450748817487 0.467997312597475
1.06000002777926e-07 -0.630206668797499 -0.646242810442529 -0.283582454590389
1.07000002710693e-07 0.0545826747481487 0.405730731245131 0.26427829619576
1.08000002643459e-07 0.693295245434417 0.502788384387413 0.667248230836468
1.09000002576225e-07 -0.982376105454991 -1.27237890221234 -1.07347788994469
1.10000002823426e-07 0.345466393846005 0.649287681734364 0.588574349764308
1.11000002756192e-07 -0.143026281032977 0.235504218859374 0.339811553436045
1.12000002688959e-07 0.137022640206451 -0.146427340368674 0.151585366210653
1.13000002621725e-07 -0.153275783114067 -0.194916770359329 0.0931566755042426
1.14000002711709e-07 -0.156883211509548 0.0127516186060514 0.0810636030083124
1.15000002801692e-07 -0.217671246940308 -0.0808069891596341 -0.0472179422404594
1.16000002734458e-07 -0.524971170473992 -0.886888310519968 -0.410966647417185
1.17000002667225e-07 0.65397052437407 0.898231413238507 0.841507419838617
1.18000002599991e-07 -0.143612353461038 -0.311526914208206 -0.0325645005992997
1.19000002689975e-07 0.331169756183332 0.29898877439457 0.242279139060843
1.20000002779958e-07 -0.10910118191419 -0.211356973385358 0.00126530467303438
1.21000002712725e-07 0.30730663855102 0.394185801608719 0.287168939944387
1.22000002645491e-07 -0.180789081205138 0.105433636187796 -0.037486261869396
1.23000002578257e-07 0.0588605449731372 -0.309210599995045 0.0207916183482296
1.24000002825458e-07 -0.428106537752812 -0.289384285726542 -0.226298206566685
1.25000002758224e-07 -0.312173737439062 0.08297803484221 0.102838314925145
1.26000002690991e-07 -0.216148184333967 -0.254856920423891 -0.16743375766169
1.27000002623757e-07 -0.128013175041987 -0.320594725973039 0.156536087168546
1.2800000271374e-07 0.173090063353563 0.600949879567252 0.500909214213959
1.29000002803724e-07 -0.445427565194411 -0.377144678563646 -0.145609264019331
1.3000000273649e-07 0.599465546554698 0.391458136222561 0.600835720192083
1.31000002669257e-07 0.0680651219252768 -0.301411222219898 0.227428044541135
1.32000002602023e-07 -0.727612274739679 -0.118007217757542 -0.0685038800254717
1.33000002692007e-07 0.625808552881927 0.17669981805227 0.552579180233353
1.3400000278199e-07 0.35818013970918 0.0627509449828791 0.393143117089342
1.35000002714756e-07 -0.372453185385802 -0.475702525279151 -0.0989999721655268
1.36000002647523e-07 0.146236135345719 0.353894778185391 0.46730854752103
1.37000002580289e-07 0.408477012703501 0.0910301833037035 0.308539893980713
1.3800000282749e-07 0.14083188235044 -0.000461509125122835 0.244866696441316
1.39000002760256e-07 -0.304355287446712 -0.00381637297894438 0.101248254931932
1.40000002693022e-07 0.0673866224636908 0.000658017477752048 0.0701874752613953
1.41000002625789e-07 0.901347998671129 0.459791498102553 0.489490692280494
1.42000002715772e-07 -0.15523799024191 0.142088798898519 0.0508896230168896
1.43000002805756e-07 -0.580428130505241 -0.21155484053306 -0.27506033003499
1.44000002738522e-07 0.138035933476133 -0.253720266027944 -0.0362216462402874
1.45000002671289e-07 0.610584080422189 0.485454177090953 0.544657039033667
1.46000002604055e-07 -0.377632169577699 -0.0123338545922187 0.0742414231592819
1.47000002694038e-07 -0.807593620500708 -0.55746078020336 -0.564594202717386
1.48000002784022e-07 0.652274530900712 0.227949013132277 0.42057971115576
1.49000002716788e-07 -0.747086121393502 -0.564937026017437 -0.520819033545803
1.50000002649555e-07 -0.468960727043943 -0.137886700691656 -0.148607216569483
1.51000002582321e-07 -0.127182550057923 -0.407393734682477 -0.0994369898115956
1.52000002829522e-07 1.29026914652062 0.984150299315884 0.930693133396822
1.53000002762288e-07 -1.07313558212406 -0.967256119320961 -0.768535608421618
1.54000002695054e-07 1.15223734310505 1.28166993334714 0.98370059212429
1.55000002627821e-07 -0.652451583716245 -0.862911511862914 -0.516294930068233
1.56000002717804e-07 -0.0153229569409612 -0.112970009307582 0.0756879001143135
1.57000002807788e-07 0.348757630823032 0.409476887839098 0.731057280064654
1.58000002740554e-07 -0.158983557077502 -0.0598160666537977 0.0748265370418932
1.5900000267332e-07 0.156902372537906 0.205758083859017 0.241615839250611
1.60000002606087e-07 -0.460190248505027 -0.481505607489055 -0.126821152865653
1.6100000269607e-07 1.31009527354988 1.30753920062352 1.38920443495004
1.62000002786054e-07 -0.62113779593078 -0.498632996162178 -0.547386517239432
1.6300000271882e-07 0.311861253090424 0.0347810587421028 0.263136420184934
1.64000002651586e-07 0.218298953862043 0.248305768005348 0.352279220668317
1.65000002584353e-07 -0.421276296473651 -0.343463281482864 -0.232261148768499
1.66000002674336e-07 0.445685162752375 0.263481147862802 0.398977948847073
1.6700000276432e-07 -0.432709802824416 -0.859521423940006 -0.212089433347266
1.68000002697086e-07 -0.403164603165578 -0.264040777808733 -0.297561581209317
1.69000002629853e-07 0.156313982968075 0.349615488265394 0.365387071858789
1.70000002719836e-07 0.445772072922794 0.324045320123619 0.505086413552157
1.7100000280982e-07 -0.0396048430992743 -0.0408376864604583 0.104705627080088
1.72000002742586e-07 -0.235372509006371 -0.102602178707433 -0.0199004504149448
1.73000002675352e-07 0.94684525342416 0.699373688182908 0.87374488418318
1.74000002608119e-07 -0.637543003274126 -0.469875622497344 -0.403748669241006
1.75000002698102e-07 0.157870926145975 0.0883946890429669 0.255504463390311
1.76000002788086e-07 -0.0611393338835823 0.0611439256523351 0.0546019177640127
1.77000002720852e-07 0.149653608390516 0.141865443472041 0.340695991551881
1.78000002653618e-07 0.209460080152115 0.490463197832305 0.45797368852849
1.79000002586385e-07 -0.84724441127025 -0.872404524678176 -0.428696088857904
1.80000002676368e-07 0.512129870711902 0.552940825936384 0.454111774399138
1.81000002766352e-07 0.208450287281665 0.195527945160296 0.293798671717861
1.82000002699118e-07 0.686143578234948 0.58672420574753 0.948162922987262
1.83000002631884e-07 -1.02137742900655 -1.10765350317796 -0.60601967921036
1.84000002721868e-07 0.629548745085191 0.373535647549005 0.448946305832465
1.85000002811852e-07 0.00171649702576274 0.130655817318478 0.138294961304656
1.86000002744618e-07 0.182232755067978 0.215593451837202 0.251978169734625
1.87000002677384e-07 -0.882945337256439 -1.13760693703772 -0.736168115503202
1.8800000261015e-07 0.847810801061271 0.701355053257254 0.800186288107401
1.89000002700134e-07 -0.388240027773517 -0.168801153567941 0.0212725289501787
1.90000002790118e-07 0.0852385382234299 0.0512443582932436 0.228631711166817
1.91000002722884e-07 0.0999599234786488 0.133950026181532 0.131583397737459
1.9200000265565e-07 -1.28474197564138 -1.30678855362661 -0.931706583053275
1.93000002588417e-07 1.13938915318549 1.37747874204922 1.12568527751461
1.940000026784e-07 -0.251669005649601 -0.36411618666702 -0.160619950673883
1.95000002768384e-07 0.627310930199083 0.422020814366365 0.450920409542341
1.9600000270115e-07 -0.581375758398788 -0.307501340777985 -0.345795022044173
1.97000002633916e-07 0.756612727335329 0.589268674133443 0.586188904039513
1.980000027239e-07 -0.778216209465439 -0.929445603084167 -0.471943254913948
1.99000002813884e-07 0.361002337166818 0.331522294937099 0.440349617260094
2.0000000274665e-07 -0.130449321230566 -0.00420861641808246 -0.133483599482295
