# Fix print output for fix def1
1.25864736868413e-16 0.114529470937876 0.0680039841771475 0.114554844731728
0.000250000000000199 0.159345133590934 0.112796903082853 0.18868664708749
0.000500000000000147 0.204246982223349 0.157676226064422 0.263110878609003
0.000750000000000221 0.24905473041487 0.202461879833522 0.337528894837865
0.00100000000000017 0.29376829358733 0.247153866745904 0.411939818990249
0.00125000000000024 0.338387809409519 0.2917523161626 0.486343287212858
0.00150000000000019 0.382913412715937 0.336257382410351 0.560739036186056
0.00175000000000014 0.427345159064667 0.38066915063363 0.635126771091752
0.00200000000000021 0.471683142983234 0.424987665974717 0.709505949821733
0.00225000000000016 0.515927593900433 0.469213098357017 0.783876360520238
0.00250000000000023 0.560078758091042 0.51334562538155 0.858237775077176
0.00275000000000018 0.604136766394447 0.557385354721608 0.932589428591698
0.00300000000000013 0.648101709144246 0.60133244363381 1.00693084420722
0.0032500000000002 0.691973762534632 0.645187054947368 1.08126176973614
0.00350000000000015 0.735753098792821 0.688949312796191 1.1555817289514
0.00375000000000022 0.779439850301501 0.732619298895011 1.22988985361383
0.00400000000000017 0.823034109660752 0.77619709574303 1.3041854969857
0.00425000000000024 0.866535987734102 0.819682800842068 1.37846819661776
0.00450000000000019 0.909945522077605 0.863076502663233 1.45273740079726
0.00475000000000014 0.953262903205891 0.906378384253246 1.52699253090508
0.00500000000000021 0.996488181843129 0.949588536228905 1.60123295092516
0.00525000000000016 1.03962147264632 0.992707122349996 1.67545808020271
0.00550000000000023 1.08266284304342 1.03573428134676 1.74966717822051
0.00575000000000018 1.12561230308321 1.07867002414173 1.82385942272775
0.00600000000000013 1.16847005342809 1.12151444749246 1.89803459521875
0.0062500000000002 1.21123636862399 1.16426770312458 1.97219250981724
0.00650000000000015 1.25391144291009 1.20692994467609 2.04633306781982
0.00675000000000022 1.29649535139031 1.24950125157424 2.12045584798564
0.00700000000000017 1.33898807420986 1.29198157506461 2.1945599580597
0.00725000000000024 1.38138961799572 1.33437092331556 2.26864476537172
0.00750000000000019 1.42369996446243 1.37666927737734 2.34270954102417
0.00775000000000014 1.46591910521926 1.41887661626391 2.41675315219736
0.00800000000000021 1.50804695644604 1.46099283780478 2.49077451479995
0.00825000000000016 1.55008354054942 1.50301795421504 2.56477261960898
0.00850000000000023 1.59202891949398 1.54495212234547 2.63874668706646
0.00875000000000018 1.6338831867713 1.58679554494346 2.71269619820581
0.00900000000000013 1.67564640967488 1.62854827712945 2.78662049427891
0.0092500000000002 1.71731858351483 1.67021032953557 2.86051852948551
0.00950000000000015 1.75889974589413 1.71178174506115 2.9343895050404
0.00975000000000023 1.80039007986016 1.7532626840235 3.00823274641954
0.0100000000000002 1.84178976514022 1.79465334531595 3.08204776487391
0.0102500000000002 1.88309886855896 1.83595376056945 3.15583401885801
0.0105000000000002 1.92431743188833 1.87716399123956 3.22959080990333
0.0107500000000001 1.96544558428059 1.91828420323799 3.30331751356818
0.0110000000000002 2.00648332854435 1.95931441539378 3.37701328148776
0.0112500000000002 2.04743073704211 2.00025469221458 3.45067725165539
0.0115000000000002 2.08828793416409 2.04110510237864 3.52430858008546
0.0117500000000002 2.12905503501723 2.08186570197863 3.59790585814495
0.0120000000000001 2.16973200236115 2.12253645147559 3.67146783428247
0.0122500000000002 2.21031885301823 2.16311733862724 3.74499333671219
0.0125000000000002 2.25081574661201 2.20360842957278 3.81848125511464
0.0127500000000002 2.29122268364376 2.24400969880943 3.89193031759712
0.0130000000000002 2.33153964709087 2.28432109401148 3.96533881832883
0.0132500000000002 2.37176666924864 2.32454265419992 4.03870554598409
0.0135000000000002 2.41190384010647 2.36467449936491 4.11202921465964
0.0137500000000001 2.45195126078508 2.404716755218 4.18530828611273
0.0140000000000002 2.49190903430705 2.44466949957079 4.25854173671695
0.0142500000000002 2.53177721887553 2.48453273701639 4.33172851164882
0.0145000000000002 2.57155574218344 2.52430633866377 4.40486714300998
0.0147500000000002 2.61124456863596 2.56399025278275 4.47795651227083
0.0150000000000001 2.65084362862483 2.603584447352 4.55099488811407
0.0152500000000002 2.69035292819967 2.6430889429512 4.62398098789904
0.0155000000000002 2.72977252021529 2.68250384137014 4.69691336418738
0.0157500000000002 2.76910249351769 2.72182924637387 4.76979086821592
0.0160000000000002 2.80834306571517 2.76106534327381 4.84261254286216
0.0162500000000001 2.84749438821713 2.80021224687084 4.9153772483676
0.0165000000000002 2.88655646585892 2.83926994585812 4.98808354567705
0.0167500000000001 2.92552939666273 2.87823848159006 5.06073033717954
0.0170000000000002 2.96441319343895 2.91711784288043 5.13331653635707
0.0172500000000002 3.00320788436903 2.95590805581604 5.2058413017447
0.0175000000000002 3.0419134767659 2.99460908077366 5.27830291358493
0.0177500000000002 3.08052997838226 3.03322097593347 5.35070000959924
0.0180000000000001 3.11905747599742 3.0717439284412 5.42303175269489
0.0182500000000002 3.15749603344466 3.11017809563356 5.49529698877993
0.0185000000000002 3.19584581888135 3.14852368422326 5.56749475515815
0.0187500000000002 3.23410697162283 3.18678091080781 5.6396243220808
0.0190000000000002 3.27227941487856 3.22494985313043 5.71168430961783
0.0192500000000002 3.31036307865855 3.26303055370535 5.78367316508745
0.0195000000000002 3.34835789853968 3.30102297464955 5.855589353356
0.0197500000000001 3.3862638831015 3.33892713887798 5.92743150004801
0.0200000000000002 3.42408100803312 3.37674302604954 5.99919783805466
0.0202500000000002 3.4618093744384 3.41447068871015 6.07088720903155
0.0205000000000002 3.49944899599889 3.45211017058614 6.14249823727403
0.0207500000000002 3.53699986507865 3.48966151361431 6.21402931474776
0.0210000000000001 3.57446214185856 3.52712495307225 6.28547943585986
0.0212500000000002 3.6118359788221 3.56450065921943 6.3568473964628
0.0215000000000002 3.64912149717324 3.60178876310869 6.42813202698336
0.0217500000000002 3.6863186582912 3.63898927860933 6.49933170718651
0.0220000000000002 3.72342743368325 3.67610213739878 6.57044493968047
0.0222500000000001 3.76044783262163 3.71312740162184 6.64147027154579
0.0225000000000002 3.79737984051589 3.75006505393569 6.71240580030822
0.0227500000000001 3.83422353121309 3.78691518733643 6.78324996174473
0.0230000000000002 3.87097899338497 3.82367791674954 6.854001137737
0.0232500000000002 3.90764619291752 3.86035325882222 6.92465789687509
0.0235000000000002 3.94422518247133 3.89694123141313 6.99521910703229
0.0237500000000002 3.98071598887429 3.93344178397085 7.06568291984889
0.0240000000000001 4.01711854268482 3.9698548489616 7.13604742888561
0.0242500000000002 4.05343287099153 4.00618044583811 7.20631133553381
0.0245000000000002 4.08965902952732 4.04241855171637 7.27647359155188
0.0247500000000002 4.12579706474526 4.07856914706733 7.34653303973528
0.0250000000000002 4.16184702748179 4.11463227470842 7.41648843030266
0.0252500000000003 4.19780901689557 4.15060794836389 7.48633842257489
0.0255000000000002 4.23368305115205 4.18649621894396 7.55608169186428
0.0257500000000001 4.26946905180691 4.2222970793782 7.62571657168179
0.0260000000000002 4.30516713437555 4.25801056890791 7.69524147168602
0.0262500000000002 4.34077737876034 4.29363668640312 7.76465488898642
0.0265000000000002 4.3762997660686 4.32917539202997 7.83395542960286
0.0267500000000002 4.41173440945567 4.36462675199043 7.90314153761314
0.0270000000000001 4.44708151666649 4.399990919247 7.97221189906151
0.0272500000000002 4.48234116117703 4.43526793230421 8.04116515776573
0.0275000000000002 4.51751339121274 4.47045784801953 8.10999970878054
0.0277500000000002 4.55259824723635 4.5055607191694 8.17871400276997
0.0280000000000002 4.58759579574743 4.54057662393846 8.24730660410574
0.0282500000000001 4.6225061698218 4.57550564577036 8.31577619607288
0.0285000000000002 4.65732934464798 4.61034782223633 8.38412111896625
0.0287500000000002 4.69206535562975 4.64510316968156 8.4523398926963
0.0290000000000002 4.72671416362014 4.67977162181388 8.52043078125209
0.0292500000000002 4.76127572207518 4.71435311068715 8.58839205943215
0.0295000000000001 4.79575008881987 4.74884773654302 8.65622237255714
0.0297500000000002 4.83013723251001 4.78325548529175 8.72392005992491
0.0300000000000001 4.86443714215421 4.81757633481949 8.7914835502325
0.0302500000000002 4.89864968218614 4.85181020574617 8.85891082361469
0.0305000000000002 4.93277485980898 4.88595718353639 8.92620045590514
0.0307500000000002 4.96681270069613 4.92001731480451 8.99335124938511
0.0310000000000002 5.0007633059662 4.9539906848914 9.06036145456305
0.0312500000000003 5.03462676854911 4.98787737833256 9.12722909838142
0.0315000000000002 5.06840318227447 5.02167748365818 9.1939526944548
0.0317500000000002 5.10209263909394 5.05539105003499 9.26053079763983
0.0320000000000002 5.13569510227944 5.08901805880737 9.32696158809311
0.0322500000000002 5.16921058699104 5.12255847683593 9.39324347168257
0.0325000000000002 5.20263912669033 5.15601245975412 9.45937506721021
0.0327500000000002 5.23598071069745 5.18938013851305 9.52535481193106
0.0330000000000001 5.26923547096169 5.22266150109832 9.59118118033451
0.0332500000000002 5.30240342294586 5.2558565310632 9.65685256721664
0.0335000000000002 5.33548451900034 5.28896515887252 9.72236725208043
0.0337500000000002 5.36847864608304 5.32198735054197 9.78772339601899
0.0340000000000002 5.40138591209169 5.35492322317052 9.85291956455184
0.0342500000000001 5.43420636395016 5.38777276333656 9.9179542858517
0.0345000000000002 5.46694000714484 5.42053606009723 9.98282618758673
0.0347500000000002 5.49958697525218 5.45321340970163 10.0475340415489
0.0350000000000002 5.53214734233568 5.48580497380626 10.1120766051902
0.0352500000000002 5.56462107503883 5.51831078961162 10.1764524746104
0.0355000000000001 5.59700812390756 5.55073096948243 10.2406603988025
0.0357500000000002 5.62930842252857 5.58306551942282 10.3046988097865
0.0360000000000001 5.66152207227671 5.61531454562976 10.3685664320324
0.0362500000000002 5.69364932549862 5.64747820309176 10.432262427359
0.0365000000000002 5.72569033480583 5.67955658683437 10.4957855856978
0.0367500000000001 5.75764521887828 5.71154977973562 10.5591346986608
0.0370000000000002 5.78951400768595 5.74345790706586 10.6223082728778
0.0372500000000001 5.82129676903805 5.77528112656618 10.6853049693521
0.0375000000000002 5.8529935158443 5.80701947629115 10.7481232423556
0.0377500000000002 5.88460423831167 5.838673085805 10.8107619255741
0.0380000000000002 5.91612900222806 5.87024203325453 10.8732197995302
0.0382500000000002 5.94756791283016 5.90172632393585 10.935495388526
0.0385000000000002 5.97892098967597 5.93312598372483 10.9975872203247
0.0387500000000002 6.01018830335315 5.96444111374658 11.0594938864371
0.0390000000000001 6.04136999212386 5.99567181626244 11.1212141565537
0.0392500000000002 6.07246605768377 6.02681800843355 11.1827460457969
0.0395000000000002 6.1034764319768 6.05787954803561 11.2440875758229
0.0397500000000002 6.13440122738192 6.08885650094418 11.3052371510235
0.0400000000000002 6.16524048136045 6.11974900101655 11.3661934101656
0.0402500000000001 6.19599430651886 6.15055716351496 11.4269553311258
0.0405000000000002 6.22666276207544 6.18128097833421 11.4875215759852
0.0407500000000002 6.25724582628523 6.21192039646501 11.5478907730117
0.0410000000000002 6.28774352135616 6.24247542605206 11.6080611975746
0.0412500000000002 6.31815586536061 6.27294599517448 11.6680308165599
0.0415000000000001 6.3484829637617 6.30333208626431 11.7277981106015
0.0417500000000002 6.37872483248442 6.33363377027299 11.7873613442355
0.0420000000000001 6.40888159261939 6.36385114854955 11.8467193271544
0.0422500000000002 6.438953425862 6.39398429103357 11.9058708913204
0.0425000000000002 6.46894055217213 6.42403337207035 11.964814867295
0.0427500000000001 6.49884303754831 6.45399841097676 12.0235496965481
0.0430000000000002 6.52866093983511 6.48387957967524 12.0820744046298
0.0432500000000001 6.55839438829321 6.51367705199137 12.1403881424985
0.0435000000000002 6.5880435669375 6.54339092420849 12.198489375122
0.0437500000000002 6.61760857689111 6.57302126572811 12.2563766019603
0.0440000000000002 6.64708949887128 6.60256828123069 12.3140488014018
0.0442500000000002 6.67648646005005 6.63203207412031 12.3715049539793
0.0445000000000003 6.70579965628661 6.6614127816862 12.4287442648394
0.0447500000000002 6.7350292313139 6.69071044367981 12.4857657300538
0.0450000000000001 6.76417530005938 6.71992510193227 12.5425678891359
0.0452500000000002 6.79323806647194 6.74905685779123 12.5991497584297
0.0455000000000002 6.82221769731076 6.77810573408476 12.6555101401796
0.0457500000000002 6.85111433846014 6.80707182668671 12.711647678694
0.0460000000000002 6.87992816920681 6.83595527937773 12.7675607759246
0.0462500000000001 6.90865934803972 6.8647562498999 12.8232482829436
0.0465000000000002 6.93730802870192 6.89347485200083 12.8787094489391
0.0467500000000002 6.96587431673518 6.92211122531314 12.9339432752156
0.0470000000000002 6.99435830191615 6.95066545000159 12.9889486010251
0.0472500000000002 7.02276010133103 6.97913763796826 13.0437244156811
0.0475000000000001 7.05107988946396 7.00752784906684 13.0982692584144
0.0477500000000002 7.07931776071502 7.03583609274897 13.152581866749
0.0480000000000001 7.10747380723811 7.06406251967814 13.2066614505132
0.0482500000000002 7.13554811468945 7.09220733789988 13.2605068859997
0.0485000000000002 7.16354093693129 7.12027083114253 13.3141170735267
0.0487500000000001 7.19145243478119 7.14825321460005 13.3674910329584
0.0490000000000002 7.21928271714974 7.1761546034448 13.4206276387816
0.0492500000000001 7.24703192367831 7.20397513192655 13.4735259519504
0.0495000000000002 7.27470026832602 7.23171503478849 13.5261853582502
0.0497500000000002 7.30228799496594 7.25937457562873 13.578605244925
0.0500000000000002 7.32979513545453 7.28695378206844 13.6307841817941
0.0502500000000002 7.35722177796903 7.31445283602 13.6827214865048
0.0505000000000003 7.38456804494472 7.34187182872972 13.7344163708034
0.0507500000000002 7.41183415380715 7.36921090035275 13.7858677748909
0.0510000000000001 7.43902024558641 7.39647015254608 13.8370743764774
0.0512500000000002 7.46612640253907 7.42364967384434 13.8880347903922
0.0515000000000002 7.49315264316598 7.45074960202773 13.9387479698156
0.0517500000000002 7.52009903678439 7.47777007839012 13.9892129632864
0.0520000000000002 7.5469656844757 7.50471122707102 14.0394288523247
0.0522500000000001 7.57375270151 7.53157318637756 14.0893949672966
0.0525000000000002 7.60046021944772 7.55835610572564 14.1391105528141
0.0527500000000002 7.62708832841123 7.58506002467213 14.1885746858978
0.0530000000000002 7.65363712461647 7.61168504613925 14.237786673601
0.0532500000000002 7.68010685624799 7.63823130047752 14.2867456789885
0.0535000000000001 7.70649771343207 7.66469897744182 14.3354511612725
0.0537500000000002 7.73280982074621 7.69108824722783 14.3839023291477
0.0540000000000002 7.75904331376764 7.71739941941936 14.4320982678318
0.0542500000000002 7.78519827357053 7.74363268726089 14.4800381122419
0.0545000000000002 7.81127480272988 7.76978814587108 14.5277213670752
0.0547500000000001 7.83727310111346 7.79586590999507 14.5751474347687
0.0550000000000002 7.86319332908909 7.82186616245102 14.6223155807258
0.0552500000000001 7.88903567400958 7.84778910861825 14.669225133252
0.0555000000000002 7.9148003657421 7.87363504070079 14.7158755288781
0.0557500000000002 7.9404875186555 7.89940410457999 14.762266084148
0.0560000000000001 7.96609733559849 7.92509651600219 14.8083961739187
0.0562500000000002 7.99163002512859 7.95071232783329 14.8542648275418
0.0565000000000001 8.01708569344949 7.97625171888427 14.8998713550868
0.0567500000000002 8.04246442653032 8.00171491617472 14.945215675951
0.0570000000000002 8.06776627147366 8.02710208846412 14.9902972891318
0.0572500000000002 8.09299137548193 8.05241339333245 15.0351155305826
0.0575000000000002 8.11813992244238 8.07764894423604 15.0796698325438
0.0577500000000002 8.14321207350858 8.10280887800482 15.1239595284895
0.0580000000000002 8.16820803613835 8.12789344619148 15.1679841258788
0.0582500000000001 8.19312804442335 8.15290292406148 15.2117431801034
0.0585000000000002 8.21797241980701 8.17783755870342 15.2552363404812
0.0587500000000002 8.24274146322904 8.20269757744498 15.2984635162107
0.0590000000000002 8.26743548927092 8.2274832166744 15.3414247075236
0.0592500000000002 8.29205481398671 8.25219463722545 15.384119646252
0.0595000000000001 8.31659973571444 8.27683207887291 15.4265479668797
0.0597500000000002 8.34107038506044 8.30139571880336 15.4687090758974
0.0600000000000002 8.36546683360091 8.32588562778856 15.5106020031408
0.0602500000000002 8.38978926654047 8.35030195839992 15.5522262603953
0.0605000000000002 8.41403790667838 8.37464491750109 15.5935816036716
0.0607500000000001 8.43821296434614 8.39891476836364 15.634667664749
0.0610000000000002 8.46231454250754 8.42311168276535 15.6754840931196
0.0612500000000001 8.48634272481794 8.44723587418997 15.716030366995
0.0615000000000002 8.5102977384365 8.47128752889272 15.7563061226736
0.0617500000000002 8.53417976938794 8.49526678168954 15.7963110452375
0.0620000000000001 8.55798911170527 8.51917382415265 15.8360451428359
0.0622500000000002 8.58172594673093 8.54300887021407 15.8755083991058
0.0625000000000003 8.60539045369801 8.56677221550917 15.9147008092826
0.0627500000000002 8.62898291612077 8.59046407179365 15.9536221458839
0.0630000000000002 8.65250359379312 8.61408477628572 15.992272339825
0.0632500000000001 8.67595253502396 8.63763450845194 16.0306509831968
0.0635000000000002 8.69932986621385 8.66111347317075 16.0687578129337
0.0637500000000003 8.72263577233624 8.68452187749442 16.1065924315877
0.0640000000000002 8.74587052071148 8.70786001736788 16.144154537204
0.0642500000000001 8.76903454789319 8.73112822694284 16.1814444687725
0.0645000000000002 8.79212822009838 8.75432682646167 16.2184625876363
0.0647500000000002 8.81515188986377 8.77745605185343 16.2552090194546
0.0650000000000002 8.83810578900812 8.80051616635905 16.291683314146
0.0652500000000002 8.86099009480957 8.82350753545137 16.3278850223892
0.0655000000000001 8.8838050395852 8.84643051937647 16.3638140329959
0.0657500000000002 8.90655093801332 8.86928539771535 16.3994702988058
0.0660000000000002 8.92922806776635 8.8920723552287 16.4348536323867
0.0662500000000002 8.95183677562976 8.91479159989147 16.469964124625
0.0665000000000002 8.97437746700171 8.93744340690642 16.5048020705559
0.0667500000000001 8.99685037092749 8.96002812417843 16.5393673601711
0.0670000000000002 9.01925567528566 8.98254617967176 16.5736597518105
0.0672500000000001 9.04159356441225 9.00499782648354 16.6076791137397
0.0675000000000002 9.06386416957304 9.02738320825184 16.641425096739
0.0677500000000002 9.08606763977626 9.04970252765168 16.67489735062
0.0680000000000001 9.10820420863604 9.07195617179975 16.7080959452295
0.0682500000000002 9.13027426151572 9.09414449144345 16.7410209916138
0.0685000000000003 9.15227814224211 9.11626775067042 16.7736725979852
0.0687500000000002 9.17421616777384 9.13832611386927 16.8060509493361
0.0690000000000002 9.19608857520621 9.16031973055991 16.8381562545932
0.0692500000000001 9.21789553346785 9.18224875557906 16.8699886187994
0.0695000000000002 9.23963719987592 9.20411328044563 16.9015478021705
0.0697500000000003 9.26131380316128 9.22591340985715 16.9328338102875
0.0700000000000002 9.28292577506705 9.24764939301399 16.9638470092433
0.0702500000000001 9.30447350362915 9.269321461132 16.9945874399104
0.0705000000000001 9.32595731898063 9.29092976516767 17.0250551543067
0.0707500000000002 9.34737745282569 9.31247448669165 17.0552502787528
0.0710000000000002 9.3687342806086 9.33395576240494 17.0851732061253
0.0712500000000002 9.39002826526942 9.35537378283784 17.11482448927
0.0715000000000001 9.41125970953895 9.37672887858306 17.1442044456407
0.0717500000000002 9.432428945696 9.39802137720811 17.1733135328247
0.0720000000000002 9.45353636663647 9.41925152754337 17.2021520351168
0.0722500000000002 9.47458215256146 9.44041959516506 17.2307199781163
0.0725000000000002 9.49556641639971 9.4615258263133 17.2590173926109
0.0727500000000001 9.5164894200698 9.48257040540214 17.2870444054723
0.0730000000000002 9.53735144643871 9.50355355200386 17.3148012495944
0.0732500000000001 9.55815269683554 9.52447553619418 17.3422879820134
0.0735000000000002 9.57889340962223 9.54533672246434 17.3695047749094
0.0737500000000002 9.59957394094389 9.56613738393799 17.3964520109741
0.0740000000000001 9.62019459152335 9.58687769944471 17.4231298587814
0.0742500000000002 9.64075556800927 9.60755785891075 17.4495383559678
0.0745000000000001 9.66125713331541 9.628178073022 17.4756776941586
0.0747500000000002 9.68169955982903 9.64873856940507 17.5015480398864
0.0750000000000002 9.70208312859673 9.66923958121756 17.5271495888286
0.0752500000000001 9.72240809489074 9.68968139901138 17.5524826110907
0.0755000000000002 9.74267466544478 9.71006439507164 17.5775474291349
0.0757500000000003 9.76288309591924 9.73038881044069 17.6023441285362
0.0760000000000002 9.78303378211818 9.75065487902054 17.6268729130857
0.0762500000000002 9.80312695411413 9.77086283927777 17.6511338566595
0.0765000000000002 9.82316281838954 9.79101295915457 17.6751270525134
0.0767500000000002 9.84314176511535 9.81110542661336 17.6988528805248
0.0770000000000002 9.86306421454466 9.83114067903909 17.7223120577396
0.0772500000000002 9.88293057052238 9.85111912705654 17.745505255987
0.0775000000000001 9.90274113009725 9.87104113704157 17.7684329600945
0.0777500000000001 9.92249611957879 9.89090705355354 17.7910953336692
0.0780000000000002 9.94219582494564 9.91071721788699 17.8134927940109
0.0782500000000002 9.96184053951368 9.93047201332436 17.8356259441598
0.0785000000000002 9.98143055653103 9.9501717449773 17.8574953548599
0.0787500000000001 10.0009660862219 9.96981653289569 17.8791012684683
0.0790000000000002 10.020447404813 9.98940647088439 17.9004438649356
0.0792500000000002 10.0398749228874 10.0089418182826 17.9215237245071
0.0795000000000002 10.0592489527609 10.0284228463337 17.9423413169239
0.0797500000000002 10.0785697476007 10.0478498665421 17.9628969803403
0.0800000000000001 10.0978375126099 10.067223072547 17.9831908410651
0.0802500000000002 10.1170525115093 10.0865427721658 18.0032233906091
0.0805000000000003 10.13621494385 10.1058093038746 18.0229952055936
0.0807500000000002 10.1553250181448 10.1250229546478 18.0425068242887
0.0810000000000002 10.1743830712587 10.144184087545 18.0617587865103
0.0812500000000001 10.1933893697573 10.1632930046425 18.080751502148
0.0815000000000002 10.212344106987 10.1823498335361 18.0994851685384
0.0817500000000003 10.2312474584316 10.2013547150253 18.1179600795072
0.0820000000000002 10.250099695669 10.220307893923 18.1361767134225
0.0822500000000002 10.2689011710827 10.2392096574296 18.1541356792877
0.0825000000000001 10.2876521498207 10.2580603730531 18.1718376914812
0.0827500000000002 10.3063527581073 10.2768603327036 18.1892831995973
0.0830000000000003 10.3250031971972 10.29560984402 18.2064726850063
0.0832500000000002 10.3436037047308 10.314309076623 18.2234064993397
0.0835000000000001 10.3621545486346 10.3329581905353 18.2400851714755
0.0837500000000002 10.3806561222024 10.3515575233037 18.2565096268734
0.0840000000000002 10.3991086682458 10.3701073793852 18.2726803709887
0.0842500000000002 10.417512419721 10.3886080609119 18.288597904393
0.0845000000000002 10.435867719467 10.4070598403276 18.3042629042889
0.0847500000000001 10.4541749602597 10.4254631305475 18.3196762106913
0.0850000000000002 10.4724344249361 10.4438182744332 18.3348384152127
0.0852500000000002 10.4906464421024 10.4621255537313 18.3497499970044
0.0855000000000002 10.5088112706375 10.4803852317571 18.3644115161936
0.0857500000000002 10.52692909041 10.4985976070607 18.3788233965478
0.0860000000000001 10.5450001422577 10.5167629981747 18.392986227422
0.0862500000000002 10.5630246237315 10.5348818166301 18.406900594676
0.0865000000000001 10.5810028222922 10.5529545520191 18.4205672454473
0.0867500000000002 10.5989350757748 10.5709814978547 18.4339866751282
0.0870000000000002 10.6168216781695 10.588962923203 18.4471593881837
0.0872500000000001 10.6346630961508 10.60689923033 18.4600863366675
0.0875000000000002 10.6524596157443 10.6247906996063 18.4727680709546
0.0877500000000001 10.6702115509626 10.6426377098623 18.4852054303626
0.0880000000000002 10.6879192520278 10.6604406844704 18.4973993666106
0.0882500000000002 10.7055830540384 10.6781999574831 18.5093507377341
0.0885000000000001 10.7232033154577 10.6959158127852 18.5210604534626
0.0887500000000002 10.740780369175 10.7135885992156 18.5325294535277
0.0890000000000002 10.7583144729889 10.7312187132803 18.5437585728526
0.0892500000000002 10.7758057726279 10.7488064929373 18.5547485325802
0.0895000000000001 10.7932545646991 10.7663522855185 18.5655001067581
0.0897500000000001 10.8106612123423 10.7838564108848 18.5760142288456
0.0900000000000002 10.8280259657196 10.8013190586293 18.5862914749976
0.0902500000000002 10.8453491721546 10.8187405104016 18.5963327074184
0.0905000000000002 10.8626311733996 10.8361211410794 18.6061390487304
0.0907500000000001 10.879872360722 10.853461171453 18.6157111091129
0.0910000000000002 10.8970730647384 10.8707608395135 18.6250494362883
0.0912500000000002 10.9142335824078 10.8880204071141 18.6341547573224
0.0915000000000002 10.9313542121817 10.9052401477258 18.6430277534939
0.0917500000000002 10.9484352715854 10.9224204009214 18.651669107984
0.0920000000000001 10.9654770485387 10.9395614972399 18.6600796004356
0.0922500000000002 10.9824796946852 10.9566635903048 18.6682596876663
0.0925000000000002 10.9994433858626 10.973726905984 18.6762099078989
0.0927500000000002 11.0163682798443 10.9907517129296 18.6839309578548
0.0930000000000002 11.0332545542215 11.0077383298435 18.6914237697831
0.0932500000000001 11.0501026705353 11.0246872174536 18.6986895974532
0.0935000000000002 11.0669131493678 11.0415987436429 18.7057296180222
0.0937500000000003 11.08368651961 11.0584732243358 18.7125450826738
0.0940000000000002 11.1004230971746 11.0753109265208 18.7191369229912
0.0942500000000002 11.1171232821295 11.0921121013128 18.7255061183647
0.0945000000000001 11.1337873507694 11.108877053754 18.7316534903135
0.0947500000000002 11.1504156254851 11.1256061694932 18.7375800086701
0.0950000000000003 11.1670083393048 11.1422997191445 18.7432865303282
0.0952500000000002 11.1835657457589 11.1589579569611 18.7487738443126
0.0955000000000002 11.2000881740431 11.1755811547474 18.7540428518116
0.0957500000000002 11.2165758635822 11.1921695593073 18.7590943083162
0.0960000000000002 11.2330291216078 11.2087233616882 18.7639290701874
0.0962500000000002 11.2494483001306 11.225242810694 18.7685480558392
0.0965000000000002 11.2658337506069 11.241728149685 18.7729521434382
0.0967500000000001 11.2821859010914 11.2581798001657 18.7771425397355
0.0970000000000001 11.2985050621569 11.2745981122864 18.7811203270705
0.0972500000000002 11.3147915632331 11.2909833818584 18.7848863686658
0.0975000000000002 11.3310458307927 11.3073359020473 18.7884417686593
0.0977500000000002 11.3472682085609 11.3236559942645 18.7917874854648
0.0980000000000001 11.3634591006016 11.3399440123152 18.7949245975027
0.0982500000000002 11.3796188475376 11.3562002306782 18.7978539589153
0.0985000000000002 11.3957476729675 11.3724249622611 18.8005763374706
0.0987500000000002 11.4118458789614 11.3886185221153 18.8030926595293
0.0990000000000002 11.4279137601655 11.4047812301389 18.8054040777158
0.0992500000000001 11.4439516297038 11.4209134538574 18.8075117178609
0.0995000000000002 11.4599597807037 11.4370155051809 18.8094165901602
0.0997500000000003 11.4759385166433 11.4530877020852 18.8111197209128
0.1 11.4918880485292 11.4691303508757 18.8126219554041
0.10025 11.5078085687394 11.4851438190928 18.8139242340478
0.1005 11.5237003937904 11.5011284062727 18.8150276110451
0.10075 11.5395638574145 11.5170845228085 18.8159333322955
0.101 11.5553992895499 11.5330125287399 18.8166425896005
0.10125 11.5712069873195 11.5489126769926 18.8171564452663
0.1015 11.586987227113 11.5647852391028 18.8174759424758
0.10175 11.6027402070947 11.5806304045438 18.8176018725554
0.102 11.6184660564869 11.596448394309 18.8175351425644
0.10225 11.6341650337744 11.6122394706157 18.8172767600904
0.1025 11.6498374103576 11.6280039258282 18.8168277665718
0.10275 11.6654834254951 11.6437420149003 18.8161890407272
0.103 11.6811034280559 11.6594540247256 18.8153616583556
0.10325 11.6966977146688 11.6751402136948 18.81434672521
0.1035 11.7122666777928 11.6908009562028 18.8131456196164
0.10375 11.7278108680317 11.7064365982315 18.8117598717554
0.104 11.7433306228574 11.7220473918736 18.8101905858982
0.10425 11.7588263737588 11.7376336299585 18.808438968587
0.1045 11.7742985311034 11.753195544414 18.8065061034073
0.10475 11.7897473759264 11.7687333365552 18.8043928528074
0.105 11.8051732300408 11.7842471707104 18.8021001322979
0.10525 11.8205763245771 11.7997373543256 18.799628843243
0.1055 11.8359569455135 11.8152041252454 18.7969799977575
0.10575 11.8513154092541 11.8306478272349 18.7941549182721
0.106 11.8666519803963 11.8460687853115 18.791154752615
0.10625 11.8819668853502 11.8614673432614 18.7879804692967
0.1065 11.8972604276454 11.876843741164 18.7846330112156
0.10675 11.9125329958155 11.8921981832936 18.7811134576335
0.107 11.9277849820915 11.9075310943484 18.7774233131919
0.10725 11.9430167421288 11.9228428839899 18.7735638794165
0.1075 11.9582284753649 11.9381338621689 18.7695361349609
0.10775 11.9734203734003 11.9534042666658 18.7653409289301
0.108 11.9885925558993 11.9686543053889 18.7609791939852
0.10825 12.0037452373497 11.9838842099322 18.7564519966463
0.1085 12.0188785702855 11.9990942567856 18.7517602155399
0.10875 12.0339929590901 12.0142848428252 18.746905161752
0.109 12.0490887484998 12.0294562112663 18.7418878614287
0.10925 12.0641661892933 12.0446085719128 18.7367092286196
0.1095 12.0792255329208 12.0597421669059 18.7313702797821
0.10975 12.0942670594596 12.0748572216901 18.7258722527456
0.11 12.1092910756262 12.0899541160585 18.7202164551934
0.11025 12.1242978130695 12.1050332240632 18.7144040145
0.1105 12.1392876386727 12.120094931123 18.7084362232803
0.11075 12.1542607932 12.1351395367433 18.7023142835336
0.111 12.1692175127722 12.1501672213481 18.6960391179622
0.11125 12.1841579278974 12.1651781336804 18.6896115879667
0.1115 12.1990823328455 12.1801725455574 18.6830329685974
0.11175 12.2139910728337 12.1951506665921 18.6763044636007
0.112 12.2288844687683 12.2101126664464 18.6694271489749
0.11225 12.2437627136637 12.2250587567739 18.6624020320386
0.1125 12.2586259664241 12.2399892607793 18.6552301982214
0.11275 12.2734744082216 12.2549046547899 18.6479129441836
0.113 12.2883082685875 12.2698052077524 18.6404514860496
0.11325 12.3031277680936 12.2846912348918 18.6328469728496
0.1135 12.3179332452814 12.2995629726862 18.6251005047938
0.11375 12.3327249777903 12.3144206536282 18.6172133075355
0.114 12.347503197274 12.3292647080806 18.6091868726193
0.11425 12.3622682178886 12.3440953770625 18.601022616254
0.1145 12.377020344668 12.3589130143476 18.5927220375382
0.11475 12.3917599004373 12.3737179324971 18.5842864615481
0.115 12.4064872123823 12.388510342479 18.5757170665711
0.11525 12.42120254447 12.4032905387947 18.5670151761085
0.1155 12.4359060684232 12.4180587864855 18.5581819452166
0.11575 12.4505979533681 12.4328152587668 18.5492183805962
0.116 12.4652783769327 12.447560170126 18.540125518946
0.11625 12.4799476169215 12.4622939006932 18.5309046386935
0.1165 12.4946059153587 12.4770168344437 18.5215571066648
0.11675 12.5092534786385 12.4917293112387 18.5120843718268
0.117 12.5238905227465 12.50643163768 18.5024878265497
0.11725 12.5385172981503 12.5211240984131 18.4927686065733
0.1175 12.553134114397 12.5358068620261 18.4829278094105
0.11775 12.5677411822143 12.5504802090933 18.4729667329611
0.118 12.5823387432145 12.5651443339437 18.4628863996753
0.11825 12.5969270938602 12.5797994423305 18.4526879384611
0.1185 12.6115064652683 12.5944457848211 18.4423727117579
0.11875 12.6260771481623 12.6090836088554 18.4319421449705
0.119 12.640639428847 12.6237131541581 18.4213975717342
0.11925 12.6551935182735 12.6383345304992 18.4107401042934
0.1195 12.6697396487163 12.652947886198 18.399970839966
0.11975 12.6842781394676 12.6675535157395 18.389091129524
0.12 12.6988093159241 12.6821517452626 18.3781024570059
0.12025 12.7133333793237 12.6967428623887 18.3670061580907
0.1205 12.7278505375484 12.7113271699348 18.3558034809064
0.12075 12.7423610576444 12.7259049793007 18.3444958562944
0.121 12.7568652109823 12.7404765206788 18.3330845537852
0.12125 12.7713632110296 12.7550419650038 18.3215707617133
0.1215 12.7858552033063 12.769601535687 18.3099555349156
0.12175 12.8003414124158 12.7841555197553 18.2982403867523
0.122 12.8148219960402 12.7987041234081 18.2864266753141
0.12225 12.8292971718997 12.8132475475142 18.2745157967259
0.1225 12.8437670832964 12.8277859766351 18.2625089254227
0.12275 12.8582319181884 12.8423195330717 18.2504070239525
0.123 12.872691938612 12.8568485064508 18.2382114012218
0.12325 12.8871474618601 12.8713733135316 18.2259235759434
0.1235 12.9015987946052 12.8858942674448 18.2135451350258
0.12375 12.9160461055656 12.9004115638605 18.2010771897187
0.124 12.9304897058762 12.9149253998911 18.188521054513
0.12425 12.944930069163 12.9294359938984 18.1758783565951
0.1245 12.9593676265451 12.943943554118 18.1631506230341
0.12475 12.9738026982948 12.9584483606515 18.1503394454428
0.125 12.9882355937347 12.9729506215715 18.1374461695681
0.12525 13.0026664703971 12.9874506255574 18.1244720563674
0.1255 13.0170956044015 13.0019487123798 18.1114185868615
0.12575 13.0315232729848 13.0164450287204 18.0982868080724
0.126 13.045949651944 13.0309396738568 18.0850775738738
0.12625 13.0603750322858 13.0454327712318 18.071792035093
0.1265 13.0747998002054 13.0599245174797 18.05843155164
0.12675 13.0892241355771 13.0744150729349 18.0449971899484
0.127 13.1036482194216 13.0889046050507 18.0314901630544
0.12725 13.1180722169414 13.1033932903232 18.0179115364134
0.1275 13.1324963667798 13.1178813359782 18.0042624620575
0.12775 13.1469209518943 13.1323689368472 17.9905441491541
0.128 13.1613462207516 13.1468563006928 17.9767579581592
0.12825 13.1757723926261 13.1613435974584 17.9629052323344
0.1285 13.1901997607544 13.1758310694175 17.9489874895047
0.12875 13.2046284668571 13.190318954201 17.9350058469114
0.129 13.2190586812643 13.2048075490117 17.9209616516445
0.12925 13.2334906658886 13.2192970867979 17.9068562464436
0.1295 13.2479247161266 13.2337878815371 17.8926910320886
0.12975 13.2623611155566 13.2482802032964 17.8784673477018
0.13 13.2768001178346 13.2627742285292 17.8641864601402
0.13025 13.2912419253017 13.2772701323128 17.8498497198002
0.1305 13.305686731332 13.2917680748146 17.8354582865822
0.13075 13.3201347489678 13.306268205661 17.8210133083013
0.131 13.3345861812909 13.3207707540833 17.8065160669598
0.13125 13.3490412709913 13.3352759163937 17.7919678862428
0.1315 13.3635003351603 13.349783884677 17.7773701407729
0.13175 13.3779637120977 13.3642948861306 17.7627243503466
0.132 13.3924317222277 13.3788092211616 17.7480321128264
0.13225 13.4069047639761 13.3933271999288 17.7332950479565
0.1325 13.4213831085672 13.4078491714259 17.718514615589
0.13275 13.435866964167 13.4223753626971 17.7036921434918
0.133 13.4503565001901 13.4369060492332 17.6888289406442
0.13325 13.4648518903124 13.4514414418931 17.6739262740811
0.1335 13.4793534071044 13.465981784522 17.6589854741457
0.13375 13.4938612451318 13.4805272979669 17.6440076762378
0.134 13.5083755575245 13.4950781258618 17.6289938752529
0.13425 13.522896584453 13.509634497392 17.6139454850498
0.1345 13.5374244226282 13.5241966256859 17.5988636826575
0.13475 13.5519592663034 13.5387647242505 17.5837497489465
0.135 13.5665013624325 13.5533391010553 17.5686051854008
0.13525 13.5810510069897 13.5679199558057 17.5534312565119
0.1355 13.5956083428365 13.5825074959704 17.538229177245
0.13575 13.6101734841823 13.5971019504485 17.523000198427
0.136 13.62474661768 13.6117034659082 17.5077454555197
0.13625 13.6393279115496 13.6263121214163 17.492465940158
0.1365 13.653917577435 13.6409281560376 17.4771628441814
0.13675 13.6685158166054 13.6555518779902 17.4618376096405
0.137 13.6831228619492 13.6701835126235 17.4464915387362
0.13725 13.6977389239355 13.6848232111146 17.4311258983906
0.1375 13.7123642957988 13.6994710867967 17.4157421398457
0.13775 13.7269990959286 13.7141273686354 17.4003412776259
0.138 13.7416434193906 13.7287922613926 17.3849241647525
0.13825 13.7562973638083 13.7434659154385 17.3694918405967
0.1385 13.7709609635034 13.7581484158689 17.3540451461139
0.13875 13.7856342690502 13.7728398732572 17.3385849369963
0.139 13.8003173690485 13.7875404167576 17.3231122439003
0.13925 13.8150104844147 13.8022501513051 17.3076281931079
0.1395 13.8297138669789 13.8169692004799 17.2921338931222
0.13975 13.8444277316375 13.8316977148487 17.2766305327187
0.14 13.8591522813402 13.8464358649034 17.2611193077856
0.14025 13.8738876038531 13.8611838342523 17.2456011892267
0.1405 13.8886338120471 13.8759418451678 17.2300771695368
0.14075 13.9033911079548 13.8907101613394 17.2145486769448
0.141 13.9181596483518 13.9054889291362 17.1990169037228
0.14125 13.9329395537341 13.9202783294477 17.1834828710729
0.1415 13.9477309228099 13.9350785433157 17.1679475897316
0.14175 13.962533948751 13.9498897649866 17.1524123467199
0.142 13.9773487764969 13.9647121207668 17.1368783355596
0.14225 13.9921755821614 13.9795457528356 17.1213467416711
0.1425 14.0070145528319 13.9943907880554 17.1058187165855
0.14275 14.0218658027132 14.0092472838278 17.090295083635
0.143 14.0367293309024 14.0241152880718 17.0747764568656
0.14325 14.051605271952 14.0389949147561 17.0592638472506
0.1435 14.0664937458562 14.0538863367982 17.0437583773116
0.14375 14.0813948048166 14.0687898043608 17.0282612406762
0.144 14.096308592475 14.0837054697559 17.0127736771904
0.14425 14.1112353821346 14.0986335612783 16.9972972406681
0.1445 14.1261753653064 14.1135742457618 16.9818332237362
0.14475 14.1411286272595 14.1285276407632 16.9663825792723
0.145 14.1560952161943 14.1434939044361 16.9509463402941
0.14525 14.1710752622137 14.1584732553436 16.9355257149511
0.1455 14.1860689625692 14.1734658453404 16.9201218517069
0.14575 14.201076472806 14.1884717673474 16.9047357983525
0.146 14.2160979290434 14.2034911302228 16.8893686256643
0.14625 14.2311334507487 14.218524007402 16.8740212527537
0.1465 14.2461832073642 14.2335704278982 16.8586945168439
0.14675 14.2612472978499 14.2486304504334 16.8433891553276
0.147 14.2763258923228 14.2637042354911 16.8281060763162
0.14725 14.2914190542346 14.2787919748265 16.8128462036339
0.1475 14.306526894293 14.2938938372221 16.7976106402415
0.14775 14.321649581838 14.3090098896706 16.782400197139
0.148 14.3367873692538 14.3241402028102 16.7672157592199
0.14825 14.3519403591319 14.3392848668967 16.7520582100963
0.1485 14.3671086609557 14.3544440078362 16.7369285554245
0.14875 14.3822924724722 14.3696178345079 16.7218279942174
0.149 14.3974919427473 14.3848066416733 16.7067578465916
0.14925 14.4127071948593 14.4000106054194 16.6917192313284
0.1495 14.4279383796583 14.4152297405385 16.6767130044088
0.14975 14.4431856664366 14.4304641324899 16.6617401982389
0.15 14.4584492341708 14.4457138993618 16.646802052234
0.15025 14.4737293683485 14.4609791164806 16.6318996763783
0.1505 14.4890261557146 14.4762598788535 16.617033867048
0.15075 14.5043396762972 14.4915562898226 16.6022055995016
0.151 14.5196700252265 14.5068684921155 16.5874158866152
0.15125 14.5350172882077 14.522196642961 16.5726657025026
0.1515 14.5503814225937 14.5375409007427 16.55795582712
0.15175 14.5657624694952 14.552901326519 16.5432868879617
0.152 14.5811604760066 14.5682780113651 16.5286596184204
0.15225 14.5965755207236 14.5836710458952 16.5140749482176
0.1525 14.6120076899165 14.5990805336127 16.4995337660175
0.15275 14.6274570482793 14.6145065833891 16.4850369642689
0.153 14.6429236812495 14.6299493164549 16.4705855224128
0.15325 14.6584078134463 14.6454089722325 16.4561806526851
0.1535 14.6739094723337 14.6608857047223 16.441823223116
0.15375 14.6894286151633 14.6763796327592 16.4275140071315
0.154 14.704965330088 14.6918908695354 16.4132540682288
0.15425 14.7205196184631 14.7074195314982 16.3990442511659
0.1545 14.7360914794587 14.7229656715734 16.3848852406854
0.15475 14.7516810435235 14.7385293890039 16.3707779642466
0.155 14.7672883847031 14.754110780653 16.3567232415171
0.15525 14.7829134898863 14.7697098610629 16.3427217571165
0.1555 14.7985563650372 14.7853266768729 16.3287741296122
0.15575 14.8142170604391 14.8009613282979 16.3148810152573
0.156 14.8298957169596 14.8166139409479 16.301043302491
0.15625 14.8455924398741 14.8322845598385 16.2872616646719
0.1565 14.861307371717 14.8479732276053 16.2735368966129
0.15675 14.877040633418 14.8636799886782 16.2598697154497
0.157 14.89279229718 14.8794048770268 16.2462608018031
0.15725 14.9085623574246 14.895147908171 16.2327106040701
0.1575 14.9243509019119 14.9109091097257 16.2192198122396
0.15775 14.9401580155452 14.9266885063451 16.2057891075896
0.158 14.9559836865941 14.9424861995898 16.1924191228005
0.15825 14.9718279803874 14.9583023247012 16.179110597356
0.1585 14.9876908988834 14.9741369535585 16.1658642240945
0.15875 15.0035723582814 14.9899901327733 16.1526806237712
0.159 15.0194723531424 15.0058618613355 16.1395602583304
0.15925 15.0353909527661 15.0217522080903 16.1265037296218
0.1595 15.0513281993422 15.0376611733884 16.1135115575646
0.15975 15.0672841642379 15.0535886627733 16.100584098349
0.16 15.0832588746154 15.0695346886212 16.0877218891173
0.16025 15.0992522737503 15.0854993232567 16.0749254384364
0.1605 15.1152643768686 15.1014825703154 16.0621952294322
0.16075 15.1312952124986 15.1174844724837 16.0495318734314
0.161 15.1473447985155 15.1335050021796 16.0369359571675
0.16125 15.163413171819 15.149544166813 16.0244079684425
0.1615 15.1795003131712 15.1656019753253 16.0119483411583
0.16175 15.1956062386122 15.1816784564087 15.9995575788378
0.162 15.2117309290446 15.1977736166091 15.9872361166874
0.16225 15.2278743572239 15.2138874122233 15.9749842569906
0.1625 15.2440364303457 15.2300198833429 15.9628023857049
0.16275 15.2602170649706 15.2461710391428 15.9506909295202
0.163 15.2764162616665 15.2623408106659 15.9386503067103
0.16325 15.2926340038397 15.2785291390721 15.9266810949713
0.1635 15.3088703669277 15.2947360618513 15.914783913826
0.16375 15.3251254528562 15.3109615505765 15.9029593051025
0.164 15.3413993366735 15.327205647361 15.8912077469174
0.16425 15.3576919503922 15.3434684129329 15.8795296412378
0.1645 15.3740033403947 15.3597499106537 15.8679255794984
0.16475 15.3903334972137 15.3760501754084 15.856395932633
0.165 15.4066824633519 15.3923692505409 15.844941169436
0.16525 15.4230501755534 15.4087071540241 15.833561601028
0.1655 15.4394366150989 15.4250639145857 15.8222576697068
0.16575 15.4558416434223 15.441439507858 15.8110295371087
0.166 15.4722651837787 15.4578339262501 15.7998774870127
0.16625 15.4887072016821 15.4742472262499 15.7888019604837
0.1665 15.505167771165 15.4906794169356 15.7778035323016
0.16675 15.521646909013 15.5071304835847 15.7668826569701
0.167 15.5381445486093 15.5236004069073 15.7560395117464
0.16725 15.5546606514375 15.5400891402944 15.7452742454822
0.1675 15.5711951584768 15.5565966145468 15.7345870020112
0.16775 15.5877480788698 15.5731227584452 15.7239781024268
0.168 15.6043194704432 15.5896675766562 15.7134479863521
0.16825 15.6209095671794 15.6062310405909 15.7029972938486
0.1685 15.6375184303058 15.6228130993423 15.692626438747
0.16875 15.6541460583034 15.6394137357986 15.682335607222
0.169 15.6707924333724 15.6560328990255 15.672124939317
0.16925 15.6874574866214 15.6726706189689 15.6619947791923
0.1695 15.7041411656292 15.6893268920697 15.6519454370326
0.16975 15.7208435400476 15.7060017657551 15.6419773972654
0.17 15.7375646193531 15.7226952391073 15.6320910002803
0.17025 15.7543042941934 15.7394072491842 15.6222864839221
0.1705 15.7710624581154 15.756137767043 15.6125640086114
0.17075 15.787839157774 15.772886798829 15.6029239684055
0.171 15.8046343496982 15.7896543410588 15.5933666360594
0.17125 15.821448030393 15.8064404201227 15.5838923997573
0.1715 15.8382802226886 15.8232450163373 15.5745015330428
0.17175 15.8551309336579 15.8400680344433 15.5651942628479
0.172 15.8720001127659 15.856909448317 15.5559708732356
0.17225 15.8888876913945 15.8737692865223 15.5468316450325
0.1725 15.9057936393651 15.8906475304984 15.5377769231588
0.17275 15.922717927183 15.9075441766068 15.5288071685056
0.173 15.9396605104772 15.9244591199427 15.5199225471803
0.17325 15.9566212824739 15.9413923323097 15.511123191385
0.1735 15.9736001632689 15.958343770992 15.5024092056746
0.17375 15.9905971787013 15.9753133391134 15.4937807912145
0.174 16.0076123584483 15.9923010251685 15.4852383044417
0.17425 16.0246456717346 16.0093068252907 15.476782025125
0.1745 16.0416971302561 16.0263307994341 15.4684123002017
0.17475 16.0587666862846 16.0433728835995 15.4601291828322
0.175 16.0758542707497 16.0604328954351 15.4519325579427
0.17525 16.0929598620405 16.077510758394 15.4438226129737
0.1755 16.1100834093624 16.0946063956331 15.4357993722867
0.17575 16.1272248488752 16.1117197294164 15.4278628296864
0.176 16.1443841301443 16.1288506995187 15.4200131529634
0.17625 16.1615611316639 16.1459992995756 15.4122503891196
0.1765 16.178755810439 16.1631655496321 15.4045747384913
0.17675 16.1959682205659 16.1803494330626 15.3969865292876
0.177 16.2131983780879 16.1975509057459 15.3894859198967
0.17725 16.2304462779188 16.2147699182036 15.3820729749387
0.1775 16.2477118985191 16.2320064323799 15.3747477414981
0.17775 16.2649952156182 16.2492603910872 15.3675103489047
0.178 16.2822962223333 16.2665317222153 15.3603610307983
0.17825 16.2996149767849 16.2838202642971 15.3532998848416
0.1785 16.3169514874471 16.3011258908256 15.346327012743
0.17875 16.3343056885188 16.3184485495445 15.3394425464633
0.179 16.3516775089696 16.3357881641371 15.3326465224538
0.17925 16.3690667478254 16.353144717503 15.3259389149705
0.1795 16.3864732702246 16.370518203029 15.3193197983058
0.17975 16.4038970256609 16.3879085720056 15.3127894288418
0.18 16.421337872952 16.4053157080019 15.3063476930362
0.18025 16.438795693035 16.4227395887763 15.2999946189524
0.1805 16.4562703612471 16.4401801975835 15.2937302585464
0.18075 16.4737618085652 16.4576374627216 15.2875545822067
0.181 16.4912699717847 16.4751112604162 15.2814675571971
0.18125 16.5087948006196 16.4926015275849 15.27546921779
0.1815 16.526336235877 16.5101082548684 15.2695596698877
0.18175 16.5438942235977 16.5276314342032 15.2637390030997
0.182 16.5614686807579 16.5451710300794 15.2580072493973
0.18225 16.5790596218049 16.5627270484619 15.2523646948456
0.1825 16.5966670469813 16.5802994102461 15.2468115421155
0.18275 16.6142908996824 16.5978880243209 15.2413478012434
0.183 16.6319312045819 16.6154928121359 15.2359736324653
0.18325 16.649587919124 16.6331137007918 15.2306891553525
0.1835 16.6672609870966 16.6507506168208 15.2254944396763
0.18375 16.6849503458729 16.6684035111149 15.2203895392959
0.184 16.7026559217197 16.6860722879334 15.2153744712761
0.18425 16.7203777077439 16.7037568642684 15.2104494081328
0.1845 16.7381155423626 16.7214571636188 15.2056141910607
0.18475 16.7558693171083 16.7391730480231 15.2008687280759
0.185 16.7736389367414 16.7569044268234 15.1962129801313
0.18525 16.7914242643393 16.7746512266879 15.191646836705
0.1855 16.8092251697856 16.7924133612825 15.1871701710764
0.18575 16.8270415849807 16.8101907296463 15.1827828815013
0.186 16.8448734447247 16.8279831520672 15.1784848020645
0.18625 16.8627207675445 16.845790525319 15.174275989395
0.1865 16.8805836409796 16.8636127989331 15.1701566029339
0.18675 16.8984620367437 16.8814499100856 15.1661266515735
0.187 16.9163558888564 16.8993017902746 15.1621860773331
0.18725 16.9342651194183 16.9171683880416 15.1583348044537
0.1875 16.9521897196665 16.9350496506739 15.1545729073128
0.18775 16.9701296305237 16.9529454777584 15.1509003219758
0.188 16.9880847446674 16.9708557405805 15.1473168868743
0.18825 17.0060549199852 16.9887803560675 15.1438223780794
0.1885 17.0240400423146 17.0067192956033 15.140416718283
0.18875 17.0420399878316 17.024672501087 15.1370997635897
0.189 17.0600546852087 17.0426400171583 15.1338716035739
0.18925 17.078084059523 17.0606218087359 15.1307322310283
0.1895 17.0961280545193 17.0786178704228 15.1276817633689
0.18975 17.114186634981 17.0966282224759 15.1247203378724
0.19 17.1322597542573 17.1146528256884 15.121848011883
0.19025 17.150347290634 17.1326916451501 15.1190647474805
0.1905 17.1684491628269 17.1507445903679 15.1163704980284
0.19075 17.1865653352012 17.1688115788032 15.1137652515062
0.191 17.2046957769961 17.1868925582432 15.1112490093441
0.19125 17.2228403262531 17.2049874194417 15.1088215150711
0.1915 17.2409988199755 17.2230960512462 15.1064825651498
0.19175 17.2591711626782 17.2412183951666 15.1042320969906
0.192 17.2773571833865 17.2593543576147 15.1020699613938
0.19225 17.2955567842176 17.2775038975624 15.0999961940792
0.1925 17.313769948948 17.2956670299014 15.0980109415238
0.19275 17.3319966607244 17.3138437697594 15.0961143090351
0.193 17.350236879326 17.332034098934 15.0943063669079
0.19325 17.3684904885925 17.3502379710802 15.0925870571233
0.1935 17.3867574239214 17.3684553527715 15.0909563643017
0.19375 17.4050376327342 17.38668615786 15.0894142033188
0.194 17.423331002414 17.4049303553762 15.0879605625663
0.19425 17.4416374026715 17.4231878556782 15.086595367936
0.1945 17.4599567606237 17.4414585739268 15.0853185615906
0.19475 17.4782890521238 17.4597424120093 15.0841301068066
0.195 17.4966342279463 17.4780392650726 15.0830299566218
0.19525 17.5149922161667 17.4963489851623 15.0820179482261
0.1955 17.5333628664337 17.5146714092568 15.081093819118
0.19575 17.5517460703807 17.5330064322016 15.0802574301196
0.196 17.5701417286095 17.5513539514352 15.0795086069045
0.19625 17.5885497529453 17.569713849148 15.0788471602727
0.1965 17.6069699941463 17.588086012828 15.0782728382761
0.19675 17.6254023515807 17.6064703630932 15.0777854961966
0.197 17.6438467464582 17.6248668153351 15.0773850453165
0.19725 17.6623030445152 17.6432752684478 15.0770712936636
0.1975 17.6807710514042 17.6616956302418 15.0768439781152
0.19775 17.6992506061039 17.6801278323386 15.0767029380753
0.198 17.7177415947027 17.6985718070141 15.0766480825798
0.19825 17.7362439013565 17.7170274532413 15.0766792690443
0.1985 17.7547573685208 17.7354946490995 15.0767962445524
0.19875 17.7732819484534 17.7539732893581 15.0769988976308
0.199 17.7918176072264 17.7724632576161 15.0772871218366
0.19925 17.8103642589473 17.7909643900746 15.0776606538608
0.1995 17.828921798308 17.8094765604313 15.0781192305507
0.19975 17.8474901076283 17.8279997456007 15.0786627825713
0.2 17.8660690569637 17.8465338583248 15.0792911381384
